1 0.83 -0.79
2 0.83 -0.74
3 0.83 -0.69
4 0.83 -0.64
5 0.83 -0.59
6 0.83 -0.54
7 0.83 -0.49
8 0.83 -0.44
9 0.83 -0.39
10 0.83 -0.34
11 0.83 -0.29
12 0.83 -0.24
13 0.83 -0.19
14 0.83 -0.14
15 0.83 -0.09
16 0.83 -0.04
17 0.83 0.01
18 0.83 0.06
19 0.83 0.11
20 0.83 0.16
21 0.83 0.21
22 0.88 -0.79
23 0.88 -0.74
24 0.88 -0.69
25 0.88 -0.64
26 0.88 -0.59
27 0.88 -0.54
28 0.88 -0.49
29 0.88 -0.44
30 0.88 -0.39
31 0.88 -0.34
32 0.88 -0.29
33 0.88 -0.24
34 0.88 -0.19
35 0.88 -0.14
36 0.88 -0.09
37 0.88 -0.04
38 0.88 0.01
39 0.88 0.06
40 0.88 0.11
41 0.88 0.16
42 0.88 0.21
43 0.93 -0.79
44 0.93 -0.74
45 0.93 -0.69
46 0.93 -0.64
47 0.93 -0.59
48 0.93 -0.54
49 0.93 -0.49
50 0.93 -0.44
51 0.93 -0.39
52 0.93 -0.34
53 0.93 -0.29
54 0.93 -0.24
55 0.93 -0.19
56 0.93 -0.14
57 0.93 -0.09
58 0.93 -0.04
59 0.93 0.01
60 0.93 0.06
61 0.93 0.11
62 0.93 0.16
63 0.93 0.21
64 0.98 -0.79
65 0.98 -0.74
66 0.98 -0.69
67 0.98 -0.64
68 0.98 -0.59
69 0.98 -0.54
70 0.98 -0.49
71 0.98 -0.44
72 0.98 -0.39
73 0.98 -0.34
74 0.98 -0.29
75 0.98 -0.24
76 0.98 -0.19
77 0.98 -0.14
78 0.98 -0.09
79 0.98 -0.04
80 0.98 0.01
81 0.98 0.06
82 0.98 0.11
83 0.98 0.16
84 0.98 0.21
85 1.03 -0.79
86 1.03 -0.74
87 1.03 -0.69
88 1.03 -0.64
89 1.03 -0.59
90 1.03 -0.54
91 1.03 -0.49
92 1.03 -0.44
93 1.03 -0.39
94 1.03 -0.34
95 1.03 -0.29
96 1.03 -0.24
97 1.03 -0.19
98 1.03 -0.14
99 1.03 -0.09
100 1.03 -0.04
101 1.03 0.01
102 1.03 0.06
103 1.03 0.11
104 1.03 0.16
105 1.03 0.21
106 1.08 -0.79
107 1.08 -0.74
108 1.08 -0.69
109 1.08 -0.64
110 1.08 -0.59
111 1.08 -0.54
112 1.08 -0.49
113 1.08 -0.44
114 1.08 -0.39
115 1.08 -0.34
116 1.08 -0.29
117 1.08 -0.24
118 1.08 -0.19
119 1.08 -0.14
120 1.08 -0.09
121 1.08 -0.04
122 1.08 0.01
123 1.08 0.06
124 1.08 0.11
125 1.08 0.16
126 1.08 0.21
127 1.13 -0.79
128 1.13 -0.74
129 1.13 -0.69
130 1.13 -0.64
131 1.13 -0.59
132 1.13 -0.54
133 1.13 -0.49
134 1.13 -0.44
135 1.13 -0.39
136 1.13 -0.34
137 1.13 -0.29
138 1.13 -0.24
139 1.13 -0.19
140 1.13 -0.14
141 1.13 -0.09
142 1.13 -0.04
143 1.13 0.01
144 1.13 0.06
145 1.13 0.11
146 1.13 0.16
147 1.13 0.21
148 1.18 -0.79
149 1.18 -0.74
150 1.18 -0.69
151 1.18 -0.64
152 1.18 -0.59
153 1.18 -0.54
154 1.18 -0.49
155 1.18 -0.44
156 1.18 -0.39
157 1.18 -0.34
158 1.18 -0.29
159 1.18 -0.24
160 1.18 -0.19
161 1.18 -0.14
162 1.18 -0.09
163 1.18 -0.04
164 1.18 0.01
165 1.18 0.06
166 1.18 0.11
167 1.18 0.16
168 1.18 0.21
169 1.23 -0.79
170 1.23 -0.74
171 1.23 -0.69
172 1.23 -0.64
173 1.23 -0.59
174 1.23 -0.54
175 1.23 -0.49
176 1.23 -0.44
177 1.23 -0.39
178 1.23 -0.34
179 1.23 -0.29
180 1.23 -0.24
181 1.23 -0.19
182 1.23 -0.14
183 1.23 -0.09
184 1.23 -0.04
185 1.23 0.01
186 1.23 0.06
187 1.23 0.11
188 1.23 0.16
189 1.23 0.21
190 1.28 -0.79
191 1.28 -0.74
192 1.28 -0.69
193 1.28 -0.64
194 1.28 -0.59
195 1.28 -0.54
196 1.28 -0.49
197 1.28 -0.44
198 1.28 -0.39
199 1.28 -0.34
200 1.28 -0.29
201 1.28 -0.24
202 1.28 -0.19
203 1.28 -0.14
204 1.28 -0.09
205 1.28 -0.04
206 1.28 0.01
207 1.28 0.06
208 1.28 0.11
209 1.28 0.16
210 1.28 0.21
211 1.33 -0.79
212 1.33 -0.74
213 1.33 -0.69
214 1.33 -0.64
215 1.33 -0.59
216 1.33 -0.54
217 1.33 -0.49
218 1.33 -0.44
219 1.33 -0.39
220 1.33 -0.34
221 1.33 -0.29
222 1.33 -0.24
223 1.33 -0.19
224 1.33 -0.14
225 1.33 -0.09
226 1.33 -0.04
227 1.33 0.01
228 1.33 0.06
229 1.33 0.11
230 1.33 0.16
231 1.33 0.21
232 1.38 -0.79
233 1.38 -0.74
234 1.38 -0.69
235 1.38 -0.64
236 1.38 -0.59
237 1.38 -0.54
238 1.38 -0.49
239 1.38 -0.44
240 1.38 -0.39
241 1.38 -0.34
242 1.38 -0.29
243 1.38 -0.24
244 1.38 -0.19
245 1.38 -0.14
246 1.38 -0.09
247 1.38 -0.04
248 1.38 0.01
249 1.38 0.06
250 1.38 0.11
251 1.38 0.16
252 1.38 0.21
253 1.43 -0.79
254 1.43 -0.74
255 1.43 -0.69
256 1.43 -0.64
257 1.43 -0.59
258 1.43 -0.54
259 1.43 -0.49
260 1.43 -0.44
261 1.43 -0.39
262 1.43 -0.34
263 1.43 -0.29
264 1.43 -0.24
265 1.43 -0.19
266 1.43 -0.14
267 1.43 -0.09
268 1.43 -0.04
269 1.43 0.01
270 1.43 0.06
271 1.43 0.11
272 1.43 0.16
273 1.43 0.21
274 1.48 -0.79
275 1.48 -0.74
276 1.48 -0.69
277 1.48 -0.64
278 1.48 -0.59
279 1.48 -0.54
280 1.48 -0.49
281 1.48 -0.44
282 1.48 -0.39
283 1.48 -0.34
284 1.48 -0.29
285 1.48 -0.24
286 1.48 -0.19
287 1.48 -0.14
288 1.48 -0.09
289 1.48 -0.04
290 1.48 0.01
291 1.48 0.06
292 1.48 0.11
293 1.48 0.16
294 1.48 0.21
295 1.53 -0.79
296 1.53 -0.74
297 1.53 -0.69
298 1.53 -0.64
299 1.53 -0.59
300 1.53 -0.54
301 1.53 -0.49
302 1.53 -0.44
303 1.53 -0.39
304 1.53 -0.34
305 1.53 -0.29
306 1.53 -0.24
307 1.53 -0.19
308 1.53 -0.14
309 1.53 -0.09
310 1.53 -0.04
311 1.53 0.01
312 1.53 0.06
313 1.53 0.11
314 1.53 0.16
315 1.53 0.21
316 1.58 -0.79
317 1.58 -0.74
318 1.58 -0.69
319 1.58 -0.64
320 1.58 -0.59
321 1.58 -0.54
322 1.58 -0.49
323 1.58 -0.44
324 1.58 -0.39
325 1.58 -0.34
326 1.58 -0.29
327 1.58 -0.24
328 1.58 -0.19
329 1.58 -0.14
330 1.58 -0.09
331 1.58 -0.04
332 1.58 0.01
333 1.58 0.06
334 1.58 0.11
335 1.58 0.16
336 1.58 0.21
337 1.63 -0.79
338 1.63 -0.74
339 1.63 -0.69
340 1.63 -0.64
341 1.63 -0.59
342 1.63 -0.54
343 1.63 -0.49
344 1.63 -0.44
345 1.63 -0.39
346 1.63 -0.34
347 1.63 -0.29
348 1.63 -0.24
349 1.63 -0.19
350 1.63 -0.14
351 1.63 -0.09
352 1.63 -0.04
353 1.63 0.01
354 1.63 0.06
355 1.63 0.11
356 1.63 0.16
357 1.63 0.21
358 1.68 -0.79
359 1.68 -0.74
360 1.68 -0.69
361 1.68 -0.64
362 1.68 -0.59
363 1.68 -0.54
364 1.68 -0.49
365 1.68 -0.44
366 1.68 -0.39
367 1.68 -0.34
368 1.68 -0.29
369 1.68 -0.24
370 1.68 -0.19
371 1.68 -0.14
372 1.68 -0.09
373 1.68 -0.04
374 1.68 0.01
375 1.68 0.06
376 1.68 0.11
377 1.68 0.16
378 1.68 0.21
379 1.73 -0.79
380 1.73 -0.74
381 1.73 -0.69
382 1.73 -0.64
383 1.73 -0.59
384 1.73 -0.54
385 1.73 -0.49
386 1.73 -0.44
387 1.73 -0.39
388 1.73 -0.34
389 1.73 -0.29
390 1.73 -0.24
391 1.73 -0.19
392 1.73 -0.14
393 1.73 -0.09
394 1.73 -0.04
395 1.73 0.01
396 1.73 0.06
397 1.73 0.11
398 1.73 0.16
399 1.73 0.21
400 1.78 -0.79
401 1.78 -0.74
402 1.78 -0.69
403 1.78 -0.64
404 1.78 -0.59
405 1.78 -0.54
406 1.78 -0.49
407 1.78 -0.44
408 1.78 -0.39
409 1.78 -0.34
410 1.78 -0.29
411 1.78 -0.24
412 1.78 -0.19
413 1.78 -0.14
414 1.78 -0.09
415 1.78 -0.04
416 1.78 0.01
417 1.78 0.06
418 1.78 0.11
419 1.78 0.16
420 1.78 0.21
421 1.83 -0.79
422 1.83 -0.74
423 1.83 -0.69
424 1.83 -0.64
425 1.83 -0.59
426 1.83 -0.54
427 1.83 -0.49
428 1.83 -0.44
429 1.83 -0.39
430 1.83 -0.34
431 1.83 -0.29
432 1.83 -0.24
433 1.83 -0.19
434 1.83 -0.14
435 1.83 -0.09
436 1.83 -0.04
437 1.83 0.01
438 1.83 0.06
439 1.83 0.11
440 1.83 0.16
441 1.83 0.21
