0 -3.0 -3.0
1 -3.0 -2.9
2 -3.0 -2.8
3 -3.0 -2.7
4 -3.0 -2.6
5 -3.0 -2.5
6 -3.0 -2.4
7 -3.0 -2.3
8 -3.0 -2.2
9 -3.0 -2.1
10 -3.0 -2.0
11 -3.0 -1.9
12 -3.0 -1.8
13 -3.0 -1.7
14 -3.0 -1.6
15 -3.0 -1.5
16 -3.0 -1.4
17 -3.0 -1.3
18 -3.0 -1.2
19 -3.0 -1.1
20 -3.0 -1.0
21 -3.0 -0.9
22 -3.0 -0.8
23 -3.0 -0.7
24 -3.0 -0.6
25 -3.0 -0.5
26 -3.0 -0.4
27 -3.0 -0.3
28 -3.0 -0.2
29 -3.0 -0.1
30 -3.0 0.0
31 -3.0 0.1
32 -3.0 0.2
33 -3.0 0.3
34 -3.0 0.4
35 -3.0 0.5
36 -3.0 0.6
37 -3.0 0.7
38 -3.0 0.8
39 -3.0 0.9
40 -3.0 1.0
41 -3.0 1.1
42 -3.0 1.2
43 -3.0 1.3
44 -3.0 1.4
45 -3.0 1.5
46 -3.0 1.6
47 -3.0 1.7
48 -3.0 1.8
49 -3.0 1.9
50 -3.0 2.0
51 -3.0 2.1
52 -3.0 2.2
53 -3.0 2.3
54 -3.0 2.4
55 -3.0 2.5
56 -3.0 2.6
57 -3.0 2.7
58 -3.0 2.8
59 -3.0 2.9
60 -3.0 3.0
61 -2.9 -3.0
62 -2.9 -2.9
63 -2.9 -2.8
64 -2.9 -2.7
65 -2.9 -2.6
66 -2.9 -2.5
67 -2.9 -2.4
68 -2.9 -2.3
69 -2.9 -2.2
70 -2.9 -2.1
71 -2.9 -2.0
72 -2.9 -1.9
73 -2.9 -1.8
74 -2.9 -1.7
75 -2.9 -1.6
76 -2.9 -1.5
77 -2.9 -1.4
78 -2.9 -1.3
79 -2.9 -1.2
80 -2.9 -1.1
81 -2.9 -1.0
82 -2.9 -0.9
83 -2.9 -0.8
84 -2.9 -0.7
85 -2.9 -0.6
86 -2.9 -0.5
87 -2.9 -0.4
88 -2.9 -0.3
89 -2.9 -0.2
90 -2.9 -0.1
91 -2.9 0.0
92 -2.9 0.1
93 -2.9 0.2
94 -2.9 0.3
95 -2.9 0.4
96 -2.9 0.5
97 -2.9 0.6
98 -2.9 0.7
99 -2.9 0.8
100 -2.9 0.9
101 -2.9 1.0
102 -2.9 1.1
103 -2.9 1.2
104 -2.9 1.3
105 -2.9 1.4
106 -2.9 1.5
107 -2.9 1.6
108 -2.9 1.7
109 -2.9 1.8
110 -2.9 1.9
111 -2.9 2.0
112 -2.9 2.1
113 -2.9 2.2
114 -2.9 2.3
115 -2.9 2.4
116 -2.9 2.5
117 -2.9 2.6
118 -2.9 2.7
119 -2.9 2.8
120 -2.9 2.9
121 -2.9 3.0
122 -2.8 -3.0
123 -2.8 -2.9
124 -2.8 -2.8
125 -2.8 -2.7
126 -2.8 -2.6
127 -2.8 -2.5
128 -2.8 -2.4
129 -2.8 -2.3
130 -2.8 -2.2
131 -2.8 -2.1
132 -2.8 -2.0
133 -2.8 -1.9
134 -2.8 -1.8
135 -2.8 -1.7
136 -2.8 -1.6
137 -2.8 -1.5
138 -2.8 -1.4
139 -2.8 -1.3
140 -2.8 -1.2
141 -2.8 -1.1
142 -2.8 -1.0
143 -2.8 -0.9
144 -2.8 -0.8
145 -2.8 -0.7
146 -2.8 -0.6
147 -2.8 -0.5
148 -2.8 -0.4
149 -2.8 -0.3
150 -2.8 -0.2
151 -2.8 -0.1
152 -2.8 0.0
153 -2.8 0.1
154 -2.8 0.2
155 -2.8 0.3
156 -2.8 0.4
157 -2.8 0.5
158 -2.8 0.6
159 -2.8 0.7
160 -2.8 0.8
161 -2.8 0.9
162 -2.8 1.0
163 -2.8 1.1
164 -2.8 1.2
165 -2.8 1.3
166 -2.8 1.4
167 -2.8 1.5
168 -2.8 1.6
169 -2.8 1.7
170 -2.8 1.8
171 -2.8 1.9
172 -2.8 2.0
173 -2.8 2.1
174 -2.8 2.2
175 -2.8 2.3
176 -2.8 2.4
177 -2.8 2.5
178 -2.8 2.6
179 -2.8 2.7
180 -2.8 2.8
181 -2.8 2.9
182 -2.8 3.0
183 -2.7 -3.0
184 -2.7 -2.9
185 -2.7 -2.8
186 -2.7 -2.7
187 -2.7 -2.6
188 -2.7 -2.5
189 -2.7 -2.4
190 -2.7 -2.3
191 -2.7 -2.2
192 -2.7 -2.1
193 -2.7 -2.0
194 -2.7 -1.9
195 -2.7 -1.8
196 -2.7 -1.7
197 -2.7 -1.6
198 -2.7 -1.5
199 -2.7 -1.4
200 -2.7 -1.3
201 -2.7 -1.2
202 -2.7 -1.1
203 -2.7 -1.0
204 -2.7 -0.9
205 -2.7 -0.8
206 -2.7 -0.7
207 -2.7 -0.6
208 -2.7 -0.5
209 -2.7 -0.4
210 -2.7 -0.3
211 -2.7 -0.2
212 -2.7 -0.1
213 -2.7 0.0
214 -2.7 0.1
215 -2.7 0.2
216 -2.7 0.3
217 -2.7 0.4
218 -2.7 0.5
219 -2.7 0.6
220 -2.7 0.7
221 -2.7 0.8
222 -2.7 0.9
223 -2.7 1.0
224 -2.7 1.1
225 -2.7 1.2
226 -2.7 1.3
227 -2.7 1.4
228 -2.7 1.5
229 -2.7 1.6
230 -2.7 1.7
231 -2.7 1.8
232 -2.7 1.9
233 -2.7 2.0
234 -2.7 2.1
235 -2.7 2.2
236 -2.7 2.3
237 -2.7 2.4
238 -2.7 2.5
239 -2.7 2.6
240 -2.7 2.7
241 -2.7 2.8
242 -2.7 2.9
243 -2.7 3.0
244 -2.6 -3.0
245 -2.6 -2.9
246 -2.6 -2.8
247 -2.6 -2.7
248 -2.6 -2.6
249 -2.6 -2.5
250 -2.6 -2.4
251 -2.6 -2.3
252 -2.6 -2.2
253 -2.6 -2.1
254 -2.6 -2.0
255 -2.6 -1.9
256 -2.6 -1.8
257 -2.6 -1.7
258 -2.6 -1.6
259 -2.6 -1.5
260 -2.6 -1.4
261 -2.6 -1.3
262 -2.6 -1.2
263 -2.6 -1.1
264 -2.6 -1.0
265 -2.6 -0.9
266 -2.6 -0.8
267 -2.6 -0.7
268 -2.6 -0.6
269 -2.6 -0.5
270 -2.6 -0.4
271 -2.6 -0.3
272 -2.6 -0.2
273 -2.6 -0.1
274 -2.6 0.0
275 -2.6 0.1
276 -2.6 0.2
277 -2.6 0.3
278 -2.6 0.4
279 -2.6 0.5
280 -2.6 0.6
281 -2.6 0.7
282 -2.6 0.8
283 -2.6 0.9
284 -2.6 1.0
285 -2.6 1.1
286 -2.6 1.2
287 -2.6 1.3
288 -2.6 1.4
289 -2.6 1.5
290 -2.6 1.6
291 -2.6 1.7
292 -2.6 1.8
293 -2.6 1.9
294 -2.6 2.0
295 -2.6 2.1
296 -2.6 2.2
297 -2.6 2.3
298 -2.6 2.4
299 -2.6 2.5
300 -2.6 2.6
301 -2.6 2.7
302 -2.6 2.8
303 -2.6 2.9
304 -2.6 3.0
305 -2.5 -3.0
306 -2.5 -2.9
307 -2.5 -2.8
308 -2.5 -2.7
309 -2.5 -2.6
310 -2.5 -2.5
311 -2.5 -2.4
312 -2.5 -2.3
313 -2.5 -2.2
314 -2.5 -2.1
315 -2.5 -2.0
316 -2.5 -1.9
317 -2.5 -1.8
318 -2.5 -1.7
319 -2.5 -1.6
320 -2.5 -1.5
321 -2.5 -1.4
322 -2.5 -1.3
323 -2.5 -1.2
324 -2.5 -1.1
325 -2.5 -1.0
326 -2.5 -0.9
327 -2.5 -0.8
328 -2.5 -0.7
329 -2.5 -0.6
330 -2.5 -0.5
331 -2.5 -0.4
332 -2.5 -0.3
333 -2.5 -0.2
334 -2.5 -0.1
335 -2.5 0.0
336 -2.5 0.1
337 -2.5 0.2
338 -2.5 0.3
339 -2.5 0.4
340 -2.5 0.5
341 -2.5 0.6
342 -2.5 0.7
343 -2.5 0.8
344 -2.5 0.9
345 -2.5 1.0
346 -2.5 1.1
347 -2.5 1.2
348 -2.5 1.3
349 -2.5 1.4
350 -2.5 1.5
351 -2.5 1.6
352 -2.5 1.7
353 -2.5 1.8
354 -2.5 1.9
355 -2.5 2.0
356 -2.5 2.1
357 -2.5 2.2
358 -2.5 2.3
359 -2.5 2.4
360 -2.5 2.5
361 -2.5 2.6
362 -2.5 2.7
363 -2.5 2.8
364 -2.5 2.9
365 -2.5 3.0
366 -2.4 -3.0
367 -2.4 -2.9
368 -2.4 -2.8
369 -2.4 -2.7
370 -2.4 -2.6
371 -2.4 -2.5
372 -2.4 -2.4
373 -2.4 -2.3
374 -2.4 -2.2
375 -2.4 -2.1
376 -2.4 -2.0
377 -2.4 -1.9
378 -2.4 -1.8
379 -2.4 -1.7
380 -2.4 -1.6
381 -2.4 -1.5
382 -2.4 -1.4
383 -2.4 -1.3
384 -2.4 -1.2
385 -2.4 -1.1
386 -2.4 -1.0
387 -2.4 -0.9
388 -2.4 -0.8
389 -2.4 -0.7
390 -2.4 -0.6
391 -2.4 -0.5
392 -2.4 -0.4
393 -2.4 -0.3
394 -2.4 -0.2
395 -2.4 -0.1
396 -2.4 0.0
397 -2.4 0.1
398 -2.4 0.2
399 -2.4 0.3
400 -2.4 0.4
401 -2.4 0.5
402 -2.4 0.6
403 -2.4 0.7
404 -2.4 0.8
405 -2.4 0.9
406 -2.4 1.0
407 -2.4 1.1
408 -2.4 1.2
409 -2.4 1.3
410 -2.4 1.4
411 -2.4 1.5
412 -2.4 1.6
413 -2.4 1.7
414 -2.4 1.8
415 -2.4 1.9
416 -2.4 2.0
417 -2.4 2.1
418 -2.4 2.2
419 -2.4 2.3
420 -2.4 2.4
421 -2.4 2.5
422 -2.4 2.6
423 -2.4 2.7
424 -2.4 2.8
425 -2.4 2.9
426 -2.4 3.0
427 -2.3 -3.0
428 -2.3 -2.9
429 -2.3 -2.8
430 -2.3 -2.7
431 -2.3 -2.6
432 -2.3 -2.5
433 -2.3 -2.4
434 -2.3 -2.3
435 -2.3 -2.2
436 -2.3 -2.1
437 -2.3 -2.0
438 -2.3 -1.9
439 -2.3 -1.8
440 -2.3 -1.7
441 -2.3 -1.6
442 -2.3 -1.5
443 -2.3 -1.4
444 -2.3 -1.3
445 -2.3 -1.2
446 -2.3 -1.1
447 -2.3 -1.0
448 -2.3 -0.9
449 -2.3 -0.8
450 -2.3 -0.7
451 -2.3 -0.6
452 -2.3 -0.5
453 -2.3 -0.4
454 -2.3 -0.3
455 -2.3 -0.2
456 -2.3 -0.1
457 -2.3 0.0
458 -2.3 0.1
459 -2.3 0.2
460 -2.3 0.3
461 -2.3 0.4
462 -2.3 0.5
463 -2.3 0.6
464 -2.3 0.7
465 -2.3 0.8
466 -2.3 0.9
467 -2.3 1.0
468 -2.3 1.1
469 -2.3 1.2
470 -2.3 1.3
471 -2.3 1.4
472 -2.3 1.5
473 -2.3 1.6
474 -2.3 1.7
475 -2.3 1.8
476 -2.3 1.9
477 -2.3 2.0
478 -2.3 2.1
479 -2.3 2.2
480 -2.3 2.3
481 -2.3 2.4
482 -2.3 2.5
483 -2.3 2.6
484 -2.3 2.7
485 -2.3 2.8
486 -2.3 2.9
487 -2.3 3.0
488 -2.2 -3.0
489 -2.2 -2.9
490 -2.2 -2.8
491 -2.2 -2.7
492 -2.2 -2.6
493 -2.2 -2.5
494 -2.2 -2.4
495 -2.2 -2.3
496 -2.2 -2.2
497 -2.2 -2.1
498 -2.2 -2.0
499 -2.2 -1.9
500 -2.2 -1.8
501 -2.2 -1.7
502 -2.2 -1.6
503 -2.2 -1.5
504 -2.2 -1.4
505 -2.2 -1.3
506 -2.2 -1.2
507 -2.2 -1.1
508 -2.2 -1.0
509 -2.2 -0.9
510 -2.2 -0.8
511 -2.2 -0.7
512 -2.2 -0.6
513 -2.2 -0.5
514 -2.2 -0.4
515 -2.2 -0.3
516 -2.2 -0.2
517 -2.2 -0.1
518 -2.2 0.0
519 -2.2 0.1
520 -2.2 0.2
521 -2.2 0.3
522 -2.2 0.4
523 -2.2 0.5
524 -2.2 0.6
525 -2.2 0.7
526 -2.2 0.8
527 -2.2 0.9
528 -2.2 1.0
529 -2.2 1.1
530 -2.2 1.2
531 -2.2 1.3
532 -2.2 1.4
533 -2.2 1.5
534 -2.2 1.6
535 -2.2 1.7
536 -2.2 1.8
537 -2.2 1.9
538 -2.2 2.0
539 -2.2 2.1
540 -2.2 2.2
541 -2.2 2.3
542 -2.2 2.4
543 -2.2 2.5
544 -2.2 2.6
545 -2.2 2.7
546 -2.2 2.8
547 -2.2 2.9
548 -2.2 3.0
549 -2.1 -3.0
550 -2.1 -2.9
551 -2.1 -2.8
552 -2.1 -2.7
553 -2.1 -2.6
554 -2.1 -2.5
555 -2.1 -2.4
556 -2.1 -2.3
557 -2.1 -2.2
558 -2.1 -2.1
559 -2.1 -2.0
560 -2.1 -1.9
561 -2.1 -1.8
562 -2.1 -1.7
563 -2.1 -1.6
564 -2.1 -1.5
565 -2.1 -1.4
566 -2.1 -1.3
567 -2.1 -1.2
568 -2.1 -1.1
569 -2.1 -1.0
570 -2.1 -0.9
571 -2.1 -0.8
572 -2.1 -0.7
573 -2.1 -0.6
574 -2.1 -0.5
575 -2.1 -0.4
576 -2.1 -0.3
577 -2.1 -0.2
578 -2.1 -0.1
579 -2.1 0.0
580 -2.1 0.1
581 -2.1 0.2
582 -2.1 0.3
583 -2.1 0.4
584 -2.1 0.5
585 -2.1 0.6
586 -2.1 0.7
587 -2.1 0.8
588 -2.1 0.9
589 -2.1 1.0
590 -2.1 1.1
591 -2.1 1.2
592 -2.1 1.3
593 -2.1 1.4
594 -2.1 1.5
595 -2.1 1.6
596 -2.1 1.7
597 -2.1 1.8
598 -2.1 1.9
599 -2.1 2.0
600 -2.1 2.1
601 -2.1 2.2
602 -2.1 2.3
603 -2.1 2.4
604 -2.1 2.5
605 -2.1 2.6
606 -2.1 2.7
607 -2.1 2.8
608 -2.1 2.9
609 -2.1 3.0
610 -2.0 -3.0
611 -2.0 -2.9
612 -2.0 -2.8
613 -2.0 -2.7
614 -2.0 -2.6
615 -2.0 -2.5
616 -2.0 -2.4
617 -2.0 -2.3
618 -2.0 -2.2
619 -2.0 -2.1
620 -2.0 -2.0
621 -2.0 -1.9
622 -2.0 -1.8
623 -2.0 -1.7
624 -2.0 -1.6
625 -2.0 -1.5
626 -2.0 -1.4
627 -2.0 -1.3
628 -2.0 -1.2
629 -2.0 -1.1
630 -2.0 -1.0
631 -2.0 -0.9
632 -2.0 -0.8
633 -2.0 -0.7
634 -2.0 -0.6
635 -2.0 -0.5
636 -2.0 -0.4
637 -2.0 -0.3
638 -2.0 -0.2
639 -2.0 -0.1
640 -2.0 0.0
641 -2.0 0.1
642 -2.0 0.2
643 -2.0 0.3
644 -2.0 0.4
645 -2.0 0.5
646 -2.0 0.6
647 -2.0 0.7
648 -2.0 0.8
649 -2.0 0.9
650 -2.0 1.0
651 -2.0 1.1
652 -2.0 1.2
653 -2.0 1.3
654 -2.0 1.4
655 -2.0 1.5
656 -2.0 1.6
657 -2.0 1.7
658 -2.0 1.8
659 -2.0 1.9
660 -2.0 2.0
661 -2.0 2.1
662 -2.0 2.2
663 -2.0 2.3
664 -2.0 2.4
665 -2.0 2.5
666 -2.0 2.6
667 -2.0 2.7
668 -2.0 2.8
669 -2.0 2.9
670 -2.0 3.0
671 -1.9 -3.0
672 -1.9 -2.9
673 -1.9 -2.8
674 -1.9 -2.7
675 -1.9 -2.6
676 -1.9 -2.5
677 -1.9 -2.4
678 -1.9 -2.3
679 -1.9 -2.2
680 -1.9 -2.1
681 -1.9 -2.0
682 -1.9 -1.9
683 -1.9 -1.8
684 -1.9 -1.7
685 -1.9 -1.6
686 -1.9 -1.5
687 -1.9 -1.4
688 -1.9 -1.3
689 -1.9 -1.2
690 -1.9 -1.1
691 -1.9 -1.0
692 -1.9 -0.9
693 -1.9 -0.8
694 -1.9 -0.7
695 -1.9 -0.6
696 -1.9 -0.5
697 -1.9 -0.4
698 -1.9 -0.3
699 -1.9 -0.2
700 -1.9 -0.1
701 -1.9 0.0
702 -1.9 0.1
703 -1.9 0.2
704 -1.9 0.3
705 -1.9 0.4
706 -1.9 0.5
707 -1.9 0.6
708 -1.9 0.7
709 -1.9 0.8
710 -1.9 0.9
711 -1.9 1.0
712 -1.9 1.1
713 -1.9 1.2
714 -1.9 1.3
715 -1.9 1.4
716 -1.9 1.5
717 -1.9 1.6
718 -1.9 1.7
719 -1.9 1.8
720 -1.9 1.9
721 -1.9 2.0
722 -1.9 2.1
723 -1.9 2.2
724 -1.9 2.3
725 -1.9 2.4
726 -1.9 2.5
727 -1.9 2.6
728 -1.9 2.7
729 -1.9 2.8
730 -1.9 2.9
731 -1.9 3.0
732 -1.8 -3.0
733 -1.8 -2.9
734 -1.8 -2.8
735 -1.8 -2.7
736 -1.8 -2.6
737 -1.8 -2.5
738 -1.8 -2.4
739 -1.8 -2.3
740 -1.8 -2.2
741 -1.8 -2.1
742 -1.8 -2.0
743 -1.8 -1.9
744 -1.8 -1.8
745 -1.8 -1.7
746 -1.8 -1.6
747 -1.8 -1.5
748 -1.8 -1.4
749 -1.8 -1.3
750 -1.8 -1.2
751 -1.8 -1.1
752 -1.8 -1.0
753 -1.8 -0.9
754 -1.8 -0.8
755 -1.8 -0.7
756 -1.8 -0.6
757 -1.8 -0.5
758 -1.8 -0.4
759 -1.8 -0.3
760 -1.8 -0.2
761 -1.8 -0.1
762 -1.8 0.0
763 -1.8 0.1
764 -1.8 0.2
765 -1.8 0.3
766 -1.8 0.4
767 -1.8 0.5
768 -1.8 0.6
769 -1.8 0.7
770 -1.8 0.8
771 -1.8 0.9
772 -1.8 1.0
773 -1.8 1.1
774 -1.8 1.2
775 -1.8 1.3
776 -1.8 1.4
777 -1.8 1.5
778 -1.8 1.6
779 -1.8 1.7
780 -1.8 1.8
781 -1.8 1.9
782 -1.8 2.0
783 -1.8 2.1
784 -1.8 2.2
785 -1.8 2.3
786 -1.8 2.4
787 -1.8 2.5
788 -1.8 2.6
789 -1.8 2.7
790 -1.8 2.8
791 -1.8 2.9
792 -1.8 3.0
793 -1.7 -3.0
794 -1.7 -2.9
795 -1.7 -2.8
796 -1.7 -2.7
797 -1.7 -2.6
798 -1.7 -2.5
799 -1.7 -2.4
800 -1.7 -2.3
801 -1.7 -2.2
802 -1.7 -2.1
803 -1.7 -2.0
804 -1.7 -1.9
805 -1.7 -1.8
806 -1.7 -1.7
807 -1.7 -1.6
808 -1.7 -1.5
809 -1.7 -1.4
810 -1.7 -1.3
811 -1.7 -1.2
812 -1.7 -1.1
813 -1.7 -1.0
814 -1.7 -0.9
815 -1.7 -0.8
816 -1.7 -0.7
817 -1.7 -0.6
818 -1.7 -0.5
819 -1.7 -0.4
820 -1.7 -0.3
821 -1.7 -0.2
822 -1.7 -0.1
823 -1.7 0.0
824 -1.7 0.1
825 -1.7 0.2
826 -1.7 0.3
827 -1.7 0.4
828 -1.7 0.5
829 -1.7 0.6
830 -1.7 0.7
831 -1.7 0.8
832 -1.7 0.9
833 -1.7 1.0
834 -1.7 1.1
835 -1.7 1.2
836 -1.7 1.3
837 -1.7 1.4
838 -1.7 1.5
839 -1.7 1.6
840 -1.7 1.7
841 -1.7 1.8
842 -1.7 1.9
843 -1.7 2.0
844 -1.7 2.1
845 -1.7 2.2
846 -1.7 2.3
847 -1.7 2.4
848 -1.7 2.5
849 -1.7 2.6
850 -1.7 2.7
851 -1.7 2.8
852 -1.7 2.9
853 -1.7 3.0
854 -1.6 -3.0
855 -1.6 -2.9
856 -1.6 -2.8
857 -1.6 -2.7
858 -1.6 -2.6
859 -1.6 -2.5
860 -1.6 -2.4
861 -1.6 -2.3
862 -1.6 -2.2
863 -1.6 -2.1
864 -1.6 -2.0
865 -1.6 -1.9
866 -1.6 -1.8
867 -1.6 -1.7
868 -1.6 -1.6
869 -1.6 -1.5
870 -1.6 -1.4
871 -1.6 -1.3
872 -1.6 -1.2
873 -1.6 -1.1
874 -1.6 -1.0
875 -1.6 -0.9
876 -1.6 -0.8
877 -1.6 -0.7
878 -1.6 -0.6
879 -1.6 -0.5
880 -1.6 -0.4
881 -1.6 -0.3
882 -1.6 -0.2
883 -1.6 -0.1
884 -1.6 0.0
885 -1.6 0.1
886 -1.6 0.2
887 -1.6 0.3
888 -1.6 0.4
889 -1.6 0.5
890 -1.6 0.6
891 -1.6 0.7
892 -1.6 0.8
893 -1.6 0.9
894 -1.6 1.0
895 -1.6 1.1
896 -1.6 1.2
897 -1.6 1.3
898 -1.6 1.4
899 -1.6 1.5
900 -1.6 1.6
901 -1.6 1.7
902 -1.6 1.8
903 -1.6 1.9
904 -1.6 2.0
905 -1.6 2.1
906 -1.6 2.2
907 -1.6 2.3
908 -1.6 2.4
909 -1.6 2.5
910 -1.6 2.6
911 -1.6 2.7
912 -1.6 2.8
913 -1.6 2.9
914 -1.6 3.0
915 -1.5 -3.0
916 -1.5 -2.9
917 -1.5 -2.8
918 -1.5 -2.7
919 -1.5 -2.6
920 -1.5 -2.5
921 -1.5 -2.4
922 -1.5 -2.3
923 -1.5 -2.2
924 -1.5 -2.1
925 -1.5 -2.0
926 -1.5 -1.9
927 -1.5 -1.8
928 -1.5 -1.7
929 -1.5 -1.6
930 -1.5 -1.5
931 -1.5 -1.4
932 -1.5 -1.3
933 -1.5 -1.2
934 -1.5 -1.1
935 -1.5 -1.0
936 -1.5 -0.9
937 -1.5 -0.8
938 -1.5 -0.7
939 -1.5 -0.6
940 -1.5 -0.5
941 -1.5 -0.4
942 -1.5 -0.3
943 -1.5 -0.2
944 -1.5 -0.1
945 -1.5 0.0
946 -1.5 0.1
947 -1.5 0.2
948 -1.5 0.3
949 -1.5 0.4
950 -1.5 0.5
951 -1.5 0.6
952 -1.5 0.7
953 -1.5 0.8
954 -1.5 0.9
955 -1.5 1.0
956 -1.5 1.1
957 -1.5 1.2
958 -1.5 1.3
959 -1.5 1.4
960 -1.5 1.5
961 -1.5 1.6
962 -1.5 1.7
963 -1.5 1.8
964 -1.5 1.9
965 -1.5 2.0
966 -1.5 2.1
967 -1.5 2.2
968 -1.5 2.3
969 -1.5 2.4
970 -1.5 2.5
971 -1.5 2.6
972 -1.5 2.7
973 -1.5 2.8
974 -1.5 2.9
975 -1.5 3.0
976 -1.4 -3.0
977 -1.4 -2.9
978 -1.4 -2.8
979 -1.4 -2.7
980 -1.4 -2.6
981 -1.4 -2.5
982 -1.4 -2.4
983 -1.4 -2.3
984 -1.4 -2.2
985 -1.4 -2.1
986 -1.4 -2.0
987 -1.4 -1.9
988 -1.4 -1.8
989 -1.4 -1.7
990 -1.4 -1.6
991 -1.4 -1.5
992 -1.4 -1.4
993 -1.4 -1.3
994 -1.4 -1.2
995 -1.4 -1.1
996 -1.4 -1.0
997 -1.4 -0.9
998 -1.4 -0.8
999 -1.4 -0.7
1000 -1.4 -0.6
1001 -1.4 -0.5
1002 -1.4 -0.4
1003 -1.4 -0.3
1004 -1.4 -0.2
1005 -1.4 -0.1
1006 -1.4 0.0
1007 -1.4 0.1
1008 -1.4 0.2
1009 -1.4 0.3
1010 -1.4 0.4
1011 -1.4 0.5
1012 -1.4 0.6
1013 -1.4 0.7
1014 -1.4 0.8
1015 -1.4 0.9
1016 -1.4 1.0
1017 -1.4 1.1
1018 -1.4 1.2
1019 -1.4 1.3
1020 -1.4 1.4
1021 -1.4 1.5
1022 -1.4 1.6
1023 -1.4 1.7
1024 -1.4 1.8
1025 -1.4 1.9
1026 -1.4 2.0
1027 -1.4 2.1
1028 -1.4 2.2
1029 -1.4 2.3
1030 -1.4 2.4
1031 -1.4 2.5
1032 -1.4 2.6
1033 -1.4 2.7
1034 -1.4 2.8
1035 -1.4 2.9
1036 -1.4 3.0
1037 -1.3 -3.0
1038 -1.3 -2.9
1039 -1.3 -2.8
1040 -1.3 -2.7
1041 -1.3 -2.6
1042 -1.3 -2.5
1043 -1.3 -2.4
1044 -1.3 -2.3
1045 -1.3 -2.2
1046 -1.3 -2.1
1047 -1.3 -2.0
1048 -1.3 -1.9
1049 -1.3 -1.8
1050 -1.3 -1.7
1051 -1.3 -1.6
1052 -1.3 -1.5
1053 -1.3 -1.4
1054 -1.3 -1.3
1055 -1.3 -1.2
1056 -1.3 -1.1
1057 -1.3 -1.0
1058 -1.3 -0.9
1059 -1.3 -0.8
1060 -1.3 -0.7
1061 -1.3 -0.6
1062 -1.3 -0.5
1063 -1.3 -0.4
1064 -1.3 -0.3
1065 -1.3 -0.2
1066 -1.3 -0.1
1067 -1.3 0.0
1068 -1.3 0.1
1069 -1.3 0.2
1070 -1.3 0.3
1071 -1.3 0.4
1072 -1.3 0.5
1073 -1.3 0.6
1074 -1.3 0.7
1075 -1.3 0.8
1076 -1.3 0.9
1077 -1.3 1.0
1078 -1.3 1.1
1079 -1.3 1.2
1080 -1.3 1.3
1081 -1.3 1.4
1082 -1.3 1.5
1083 -1.3 1.6
1084 -1.3 1.7
1085 -1.3 1.8
1086 -1.3 1.9
1087 -1.3 2.0
1088 -1.3 2.1
1089 -1.3 2.2
1090 -1.3 2.3
1091 -1.3 2.4
1092 -1.3 2.5
1093 -1.3 2.6
1094 -1.3 2.7
1095 -1.3 2.8
1096 -1.3 2.9
1097 -1.3 3.0
1098 -1.2 -3.0
1099 -1.2 -2.9
1100 -1.2 -2.8
1101 -1.2 -2.7
1102 -1.2 -2.6
1103 -1.2 -2.5
1104 -1.2 -2.4
1105 -1.2 -2.3
1106 -1.2 -2.2
1107 -1.2 -2.1
1108 -1.2 -2.0
1109 -1.2 -1.9
1110 -1.2 -1.8
1111 -1.2 -1.7
1112 -1.2 -1.6
1113 -1.2 -1.5
1114 -1.2 -1.4
1115 -1.2 -1.3
1116 -1.2 -1.2
1117 -1.2 -1.1
1118 -1.2 -1.0
1119 -1.2 -0.9
1120 -1.2 -0.8
1121 -1.2 -0.7
1122 -1.2 -0.6
1123 -1.2 -0.5
1124 -1.2 -0.4
1125 -1.2 -0.3
1126 -1.2 -0.2
1127 -1.2 -0.1
1128 -1.2 0.0
1129 -1.2 0.1
1130 -1.2 0.2
1131 -1.2 0.3
1132 -1.2 0.4
1133 -1.2 0.5
1134 -1.2 0.6
1135 -1.2 0.7
1136 -1.2 0.8
1137 -1.2 0.9
1138 -1.2 1.0
1139 -1.2 1.1
1140 -1.2 1.2
1141 -1.2 1.3
1142 -1.2 1.4
1143 -1.2 1.5
1144 -1.2 1.6
1145 -1.2 1.7
1146 -1.2 1.8
1147 -1.2 1.9
1148 -1.2 2.0
1149 -1.2 2.1
1150 -1.2 2.2
1151 -1.2 2.3
1152 -1.2 2.4
1153 -1.2 2.5
1154 -1.2 2.6
1155 -1.2 2.7
1156 -1.2 2.8
1157 -1.2 2.9
1158 -1.2 3.0
1159 -1.1 -3.0
1160 -1.1 -2.9
1161 -1.1 -2.8
1162 -1.1 -2.7
1163 -1.1 -2.6
1164 -1.1 -2.5
1165 -1.1 -2.4
1166 -1.1 -2.3
1167 -1.1 -2.2
1168 -1.1 -2.1
1169 -1.1 -2.0
1170 -1.1 -1.9
1171 -1.1 -1.8
1172 -1.1 -1.7
1173 -1.1 -1.6
1174 -1.1 -1.5
1175 -1.1 -1.4
1176 -1.1 -1.3
1177 -1.1 -1.2
1178 -1.1 -1.1
1179 -1.1 -1.0
1180 -1.1 -0.9
1181 -1.1 -0.8
1182 -1.1 -0.7
1183 -1.1 -0.6
1184 -1.1 -0.5
1185 -1.1 -0.4
1186 -1.1 -0.3
1187 -1.1 -0.2
1188 -1.1 -0.1
1189 -1.1 0.0
1190 -1.1 0.1
1191 -1.1 0.2
1192 -1.1 0.3
1193 -1.1 0.4
1194 -1.1 0.5
1195 -1.1 0.6
1196 -1.1 0.7
1197 -1.1 0.8
1198 -1.1 0.9
1199 -1.1 1.0
1200 -1.1 1.1
1201 -1.1 1.2
1202 -1.1 1.3
1203 -1.1 1.4
1204 -1.1 1.5
1205 -1.1 1.6
1206 -1.1 1.7
1207 -1.1 1.8
1208 -1.1 1.9
1209 -1.1 2.0
1210 -1.1 2.1
1211 -1.1 2.2
1212 -1.1 2.3
1213 -1.1 2.4
1214 -1.1 2.5
1215 -1.1 2.6
1216 -1.1 2.7
1217 -1.1 2.8
1218 -1.1 2.9
1219 -1.1 3.0
1220 -1.0 -3.0
1221 -1.0 -2.9
1222 -1.0 -2.8
1223 -1.0 -2.7
1224 -1.0 -2.6
1225 -1.0 -2.5
1226 -1.0 -2.4
1227 -1.0 -2.3
1228 -1.0 -2.2
1229 -1.0 -2.1
1230 -1.0 -2.0
1231 -1.0 -1.9
1232 -1.0 -1.8
1233 -1.0 -1.7
1234 -1.0 -1.6
1235 -1.0 -1.5
1236 -1.0 -1.4
1237 -1.0 -1.3
1238 -1.0 -1.2
1239 -1.0 -1.1
1240 -1.0 -1.0
1241 -1.0 -0.9
1242 -1.0 -0.8
1243 -1.0 -0.7
1244 -1.0 -0.6
1245 -1.0 -0.5
1246 -1.0 -0.4
1247 -1.0 -0.3
1248 -1.0 -0.2
1249 -1.0 -0.1
1250 -1.0 0.0
1251 -1.0 0.1
1252 -1.0 0.2
1253 -1.0 0.3
1254 -1.0 0.4
1255 -1.0 0.5
1256 -1.0 0.6
1257 -1.0 0.7
1258 -1.0 0.8
1259 -1.0 0.9
1260 -1.0 1.0
1261 -1.0 1.1
1262 -1.0 1.2
1263 -1.0 1.3
1264 -1.0 1.4
1265 -1.0 1.5
1266 -1.0 1.6
1267 -1.0 1.7
1268 -1.0 1.8
1269 -1.0 1.9
1270 -1.0 2.0
1271 -1.0 2.1
1272 -1.0 2.2
1273 -1.0 2.3
1274 -1.0 2.4
1275 -1.0 2.5
1276 -1.0 2.6
1277 -1.0 2.7
1278 -1.0 2.8
1279 -1.0 2.9
1280 -1.0 3.0
1281 -0.9 -3.0
1282 -0.9 -2.9
1283 -0.9 -2.8
1284 -0.9 -2.7
1285 -0.9 -2.6
1286 -0.9 -2.5
1287 -0.9 -2.4
1288 -0.9 -2.3
1289 -0.9 -2.2
1290 -0.9 -2.1
1291 -0.9 -2.0
1292 -0.9 -1.9
1293 -0.9 -1.8
1294 -0.9 -1.7
1295 -0.9 -1.6
1296 -0.9 -1.5
1297 -0.9 -1.4
1298 -0.9 -1.3
1299 -0.9 -1.2
1300 -0.9 -1.1
1301 -0.9 -1.0
1302 -0.9 -0.9
1303 -0.9 -0.8
1304 -0.9 -0.7
1305 -0.9 -0.6
1306 -0.9 -0.5
1307 -0.9 -0.4
1308 -0.9 -0.3
1309 -0.9 -0.2
1310 -0.9 -0.1
1311 -0.9 0.0
1312 -0.9 0.1
1313 -0.9 0.2
1314 -0.9 0.3
1315 -0.9 0.4
1316 -0.9 0.5
1317 -0.9 0.6
1318 -0.9 0.7
1319 -0.9 0.8
1320 -0.9 0.9
1321 -0.9 1.0
1322 -0.9 1.1
1323 -0.9 1.2
1324 -0.9 1.3
1325 -0.9 1.4
1326 -0.9 1.5
1327 -0.9 1.6
1328 -0.9 1.7
1329 -0.9 1.8
1330 -0.9 1.9
1331 -0.9 2.0
1332 -0.9 2.1
1333 -0.9 2.2
1334 -0.9 2.3
1335 -0.9 2.4
1336 -0.9 2.5
1337 -0.9 2.6
1338 -0.9 2.7
1339 -0.9 2.8
1340 -0.9 2.9
1341 -0.9 3.0
1342 -0.8 -3.0
1343 -0.8 -2.9
1344 -0.8 -2.8
1345 -0.8 -2.7
1346 -0.8 -2.6
1347 -0.8 -2.5
1348 -0.8 -2.4
1349 -0.8 -2.3
1350 -0.8 -2.2
1351 -0.8 -2.1
1352 -0.8 -2.0
1353 -0.8 -1.9
1354 -0.8 -1.8
1355 -0.8 -1.7
1356 -0.8 -1.6
1357 -0.8 -1.5
1358 -0.8 -1.4
1359 -0.8 -1.3
1360 -0.8 -1.2
1361 -0.8 -1.1
1362 -0.8 -1.0
1363 -0.8 -0.9
1364 -0.8 -0.8
1365 -0.8 -0.7
1366 -0.8 -0.6
1367 -0.8 -0.5
1368 -0.8 -0.4
1369 -0.8 -0.3
1370 -0.8 -0.2
1371 -0.8 -0.1
1372 -0.8 0.0
1373 -0.8 0.1
1374 -0.8 0.2
1375 -0.8 0.3
1376 -0.8 0.4
1377 -0.8 0.5
1378 -0.8 0.6
1379 -0.8 0.7
1380 -0.8 0.8
1381 -0.8 0.9
1382 -0.8 1.0
1383 -0.8 1.1
1384 -0.8 1.2
1385 -0.8 1.3
1386 -0.8 1.4
1387 -0.8 1.5
1388 -0.8 1.6
1389 -0.8 1.7
1390 -0.8 1.8
1391 -0.8 1.9
1392 -0.8 2.0
1393 -0.8 2.1
1394 -0.8 2.2
1395 -0.8 2.3
1396 -0.8 2.4
1397 -0.8 2.5
1398 -0.8 2.6
1399 -0.8 2.7
1400 -0.8 2.8
1401 -0.8 2.9
1402 -0.8 3.0
1403 -0.7 -3.0
1404 -0.7 -2.9
1405 -0.7 -2.8
1406 -0.7 -2.7
1407 -0.7 -2.6
1408 -0.7 -2.5
1409 -0.7 -2.4
1410 -0.7 -2.3
1411 -0.7 -2.2
1412 -0.7 -2.1
1413 -0.7 -2.0
1414 -0.7 -1.9
1415 -0.7 -1.8
1416 -0.7 -1.7
1417 -0.7 -1.6
1418 -0.7 -1.5
1419 -0.7 -1.4
1420 -0.7 -1.3
1421 -0.7 -1.2
1422 -0.7 -1.1
1423 -0.7 -1.0
1424 -0.7 -0.9
1425 -0.7 -0.8
1426 -0.7 -0.7
1427 -0.7 -0.6
1428 -0.7 -0.5
1429 -0.7 -0.4
1430 -0.7 -0.3
1431 -0.7 -0.2
1432 -0.7 -0.1
1433 -0.7 0.0
1434 -0.7 0.1
1435 -0.7 0.2
1436 -0.7 0.3
1437 -0.7 0.4
1438 -0.7 0.5
1439 -0.7 0.6
1440 -0.7 0.7
1441 -0.7 0.8
1442 -0.7 0.9
1443 -0.7 1.0
1444 -0.7 1.1
1445 -0.7 1.2
1446 -0.7 1.3
1447 -0.7 1.4
1448 -0.7 1.5
1449 -0.7 1.6
1450 -0.7 1.7
1451 -0.7 1.8
1452 -0.7 1.9
1453 -0.7 2.0
1454 -0.7 2.1
1455 -0.7 2.2
1456 -0.7 2.3
1457 -0.7 2.4
1458 -0.7 2.5
1459 -0.7 2.6
1460 -0.7 2.7
1461 -0.7 2.8
1462 -0.7 2.9
1463 -0.7 3.0
1464 -0.6 -3.0
1465 -0.6 -2.9
1466 -0.6 -2.8
1467 -0.6 -2.7
1468 -0.6 -2.6
1469 -0.6 -2.5
1470 -0.6 -2.4
1471 -0.6 -2.3
1472 -0.6 -2.2
1473 -0.6 -2.1
1474 -0.6 -2.0
1475 -0.6 -1.9
1476 -0.6 -1.8
1477 -0.6 -1.7
1478 -0.6 -1.6
1479 -0.6 -1.5
1480 -0.6 -1.4
1481 -0.6 -1.3
1482 -0.6 -1.2
1483 -0.6 -1.1
1484 -0.6 -1.0
1485 -0.6 -0.9
1486 -0.6 -0.8
1487 -0.6 -0.7
1488 -0.6 -0.6
1489 -0.6 -0.5
1490 -0.6 -0.4
1491 -0.6 -0.3
1492 -0.6 -0.2
1493 -0.6 -0.1
1494 -0.6 0.0
1495 -0.6 0.1
1496 -0.6 0.2
1497 -0.6 0.3
1498 -0.6 0.4
1499 -0.6 0.5
1500 -0.6 0.6
1501 -0.6 0.7
1502 -0.6 0.8
1503 -0.6 0.9
1504 -0.6 1.0
1505 -0.6 1.1
1506 -0.6 1.2
1507 -0.6 1.3
1508 -0.6 1.4
1509 -0.6 1.5
1510 -0.6 1.6
1511 -0.6 1.7
1512 -0.6 1.8
1513 -0.6 1.9
1514 -0.6 2.0
1515 -0.6 2.1
1516 -0.6 2.2
1517 -0.6 2.3
1518 -0.6 2.4
1519 -0.6 2.5
1520 -0.6 2.6
1521 -0.6 2.7
1522 -0.6 2.8
1523 -0.6 2.9
1524 -0.6 3.0
1525 -0.5 -3.0
1526 -0.5 -2.9
1527 -0.5 -2.8
1528 -0.5 -2.7
1529 -0.5 -2.6
1530 -0.5 -2.5
1531 -0.5 -2.4
1532 -0.5 -2.3
1533 -0.5 -2.2
1534 -0.5 -2.1
1535 -0.5 -2.0
1536 -0.5 -1.9
1537 -0.5 -1.8
1538 -0.5 -1.7
1539 -0.5 -1.6
1540 -0.5 -1.5
1541 -0.5 -1.4
1542 -0.5 -1.3
1543 -0.5 -1.2
1544 -0.5 -1.1
1545 -0.5 -1.0
1546 -0.5 -0.9
1547 -0.5 -0.8
1548 -0.5 -0.7
1549 -0.5 -0.6
1550 -0.5 -0.5
1551 -0.5 -0.4
1552 -0.5 -0.3
1553 -0.5 -0.2
1554 -0.5 -0.1
1555 -0.5 0.0
1556 -0.5 0.1
1557 -0.5 0.2
1558 -0.5 0.3
1559 -0.5 0.4
1560 -0.5 0.5
1561 -0.5 0.6
1562 -0.5 0.7
1563 -0.5 0.8
1564 -0.5 0.9
1565 -0.5 1.0
1566 -0.5 1.1
1567 -0.5 1.2
1568 -0.5 1.3
1569 -0.5 1.4
1570 -0.5 1.5
1571 -0.5 1.6
1572 -0.5 1.7
1573 -0.5 1.8
1574 -0.5 1.9
1575 -0.5 2.0
1576 -0.5 2.1
1577 -0.5 2.2
1578 -0.5 2.3
1579 -0.5 2.4
1580 -0.5 2.5
1581 -0.5 2.6
1582 -0.5 2.7
1583 -0.5 2.8
1584 -0.5 2.9
1585 -0.5 3.0
1586 -0.4 -3.0
1587 -0.4 -2.9
1588 -0.4 -2.8
1589 -0.4 -2.7
1590 -0.4 -2.6
1591 -0.4 -2.5
1592 -0.4 -2.4
1593 -0.4 -2.3
1594 -0.4 -2.2
1595 -0.4 -2.1
1596 -0.4 -2.0
1597 -0.4 -1.9
1598 -0.4 -1.8
1599 -0.4 -1.7
1600 -0.4 -1.6
1601 -0.4 -1.5
1602 -0.4 -1.4
1603 -0.4 -1.3
1604 -0.4 -1.2
1605 -0.4 -1.1
1606 -0.4 -1.0
1607 -0.4 -0.9
1608 -0.4 -0.8
1609 -0.4 -0.7
1610 -0.4 -0.6
1611 -0.4 -0.5
1612 -0.4 -0.4
1613 -0.4 -0.3
1614 -0.4 -0.2
1615 -0.4 -0.1
1616 -0.4 0.0
1617 -0.4 0.1
1618 -0.4 0.2
1619 -0.4 0.3
1620 -0.4 0.4
1621 -0.4 0.5
1622 -0.4 0.6
1623 -0.4 0.7
1624 -0.4 0.8
1625 -0.4 0.9
1626 -0.4 1.0
1627 -0.4 1.1
1628 -0.4 1.2
1629 -0.4 1.3
1630 -0.4 1.4
1631 -0.4 1.5
1632 -0.4 1.6
1633 -0.4 1.7
1634 -0.4 1.8
1635 -0.4 1.9
1636 -0.4 2.0
1637 -0.4 2.1
1638 -0.4 2.2
1639 -0.4 2.3
1640 -0.4 2.4
1641 -0.4 2.5
1642 -0.4 2.6
1643 -0.4 2.7
1644 -0.4 2.8
1645 -0.4 2.9
1646 -0.4 3.0
1647 -0.3 -3.0
1648 -0.3 -2.9
1649 -0.3 -2.8
1650 -0.3 -2.7
1651 -0.3 -2.6
1652 -0.3 -2.5
1653 -0.3 -2.4
1654 -0.3 -2.3
1655 -0.3 -2.2
1656 -0.3 -2.1
1657 -0.3 -2.0
1658 -0.3 -1.9
1659 -0.3 -1.8
1660 -0.3 -1.7
1661 -0.3 -1.6
1662 -0.3 -1.5
1663 -0.3 -1.4
1664 -0.3 -1.3
1665 -0.3 -1.2
1666 -0.3 -1.1
1667 -0.3 -1.0
1668 -0.3 -0.9
1669 -0.3 -0.8
1670 -0.3 -0.7
1671 -0.3 -0.6
1672 -0.3 -0.5
1673 -0.3 -0.4
1674 -0.3 -0.3
1675 -0.3 -0.2
1676 -0.3 -0.1
1677 -0.3 0.0
1678 -0.3 0.1
1679 -0.3 0.2
1680 -0.3 0.3
1681 -0.3 0.4
1682 -0.3 0.5
1683 -0.3 0.6
1684 -0.3 0.7
1685 -0.3 0.8
1686 -0.3 0.9
1687 -0.3 1.0
1688 -0.3 1.1
1689 -0.3 1.2
1690 -0.3 1.3
1691 -0.3 1.4
1692 -0.3 1.5
1693 -0.3 1.6
1694 -0.3 1.7
1695 -0.3 1.8
1696 -0.3 1.9
1697 -0.3 2.0
1698 -0.3 2.1
1699 -0.3 2.2
1700 -0.3 2.3
1701 -0.3 2.4
1702 -0.3 2.5
1703 -0.3 2.6
1704 -0.3 2.7
1705 -0.3 2.8
1706 -0.3 2.9
1707 -0.3 3.0
1708 -0.2 -3.0
1709 -0.2 -2.9
1710 -0.2 -2.8
1711 -0.2 -2.7
1712 -0.2 -2.6
1713 -0.2 -2.5
1714 -0.2 -2.4
1715 -0.2 -2.3
1716 -0.2 -2.2
1717 -0.2 -2.1
1718 -0.2 -2.0
1719 -0.2 -1.9
1720 -0.2 -1.8
1721 -0.2 -1.7
1722 -0.2 -1.6
1723 -0.2 -1.5
1724 -0.2 -1.4
1725 -0.2 -1.3
1726 -0.2 -1.2
1727 -0.2 -1.1
1728 -0.2 -1.0
1729 -0.2 -0.9
1730 -0.2 -0.8
1731 -0.2 -0.7
1732 -0.2 -0.6
1733 -0.2 -0.5
1734 -0.2 -0.4
1735 -0.2 -0.3
1736 -0.2 -0.2
1737 -0.2 -0.1
1738 -0.2 0.0
1739 -0.2 0.1
1740 -0.2 0.2
1741 -0.2 0.3
1742 -0.2 0.4
1743 -0.2 0.5
1744 -0.2 0.6
1745 -0.2 0.7
1746 -0.2 0.8
1747 -0.2 0.9
1748 -0.2 1.0
1749 -0.2 1.1
1750 -0.2 1.2
1751 -0.2 1.3
1752 -0.2 1.4
1753 -0.2 1.5
1754 -0.2 1.6
1755 -0.2 1.7
1756 -0.2 1.8
1757 -0.2 1.9
1758 -0.2 2.0
1759 -0.2 2.1
1760 -0.2 2.2
1761 -0.2 2.3
1762 -0.2 2.4
1763 -0.2 2.5
1764 -0.2 2.6
1765 -0.2 2.7
1766 -0.2 2.8
1767 -0.2 2.9
1768 -0.2 3.0
1769 -0.1 -3.0
1770 -0.1 -2.9
1771 -0.1 -2.8
1772 -0.1 -2.7
1773 -0.1 -2.6
1774 -0.1 -2.5
1775 -0.1 -2.4
1776 -0.1 -2.3
1777 -0.1 -2.2
1778 -0.1 -2.1
1779 -0.1 -2.0
1780 -0.1 -1.9
1781 -0.1 -1.8
1782 -0.1 -1.7
1783 -0.1 -1.6
1784 -0.1 -1.5
1785 -0.1 -1.4
1786 -0.1 -1.3
1787 -0.1 -1.2
1788 -0.1 -1.1
1789 -0.1 -1.0
1790 -0.1 -0.9
1791 -0.1 -0.8
1792 -0.1 -0.7
1793 -0.1 -0.6
1794 -0.1 -0.5
1795 -0.1 -0.4
1796 -0.1 -0.3
1797 -0.1 -0.2
1798 -0.1 -0.1
1799 -0.1 0.0
1800 -0.1 0.1
1801 -0.1 0.2
1802 -0.1 0.3
1803 -0.1 0.4
1804 -0.1 0.5
1805 -0.1 0.6
1806 -0.1 0.7
1807 -0.1 0.8
1808 -0.1 0.9
1809 -0.1 1.0
1810 -0.1 1.1
1811 -0.1 1.2
1812 -0.1 1.3
1813 -0.1 1.4
1814 -0.1 1.5
1815 -0.1 1.6
1816 -0.1 1.7
1817 -0.1 1.8
1818 -0.1 1.9
1819 -0.1 2.0
1820 -0.1 2.1
1821 -0.1 2.2
1822 -0.1 2.3
1823 -0.1 2.4
1824 -0.1 2.5
1825 -0.1 2.6
1826 -0.1 2.7
1827 -0.1 2.8
1828 -0.1 2.9
1829 -0.1 3.0
1830 0.0 -3.0
1831 0.0 -2.9
1832 0.0 -2.8
1833 0.0 -2.7
1834 0.0 -2.6
1835 0.0 -2.5
1836 0.0 -2.4
1837 0.0 -2.3
1838 0.0 -2.2
1839 0.0 -2.1
1840 0.0 -2.0
1841 0.0 -1.9
1842 0.0 -1.8
1843 0.0 -1.7
1844 0.0 -1.6
1845 0.0 -1.5
1846 0.0 -1.4
1847 0.0 -1.3
1848 0.0 -1.2
1849 0.0 -1.1
1850 0.0 -1.0
1851 0.0 -0.9
1852 0.0 -0.8
1853 0.0 -0.7
1854 0.0 -0.6
1855 0.0 -0.5
1856 0.0 -0.4
1857 0.0 -0.3
1858 0.0 -0.2
1859 0.0 -0.1
1860 0.0 0.0
1861 0.0 0.1
1862 0.0 0.2
1863 0.0 0.3
1864 0.0 0.4
1865 0.0 0.5
1866 0.0 0.6
1867 0.0 0.7
1868 0.0 0.8
1869 0.0 0.9
1870 0.0 1.0
1871 0.0 1.1
1872 0.0 1.2
1873 0.0 1.3
1874 0.0 1.4
1875 0.0 1.5
1876 0.0 1.6
1877 0.0 1.7
1878 0.0 1.8
1879 0.0 1.9
1880 0.0 2.0
1881 0.0 2.1
1882 0.0 2.2
1883 0.0 2.3
1884 0.0 2.4
1885 0.0 2.5
1886 0.0 2.6
1887 0.0 2.7
1888 0.0 2.8
1889 0.0 2.9
1890 0.0 3.0
1891 0.1 -3.0
1892 0.1 -2.9
1893 0.1 -2.8
1894 0.1 -2.7
1895 0.1 -2.6
1896 0.1 -2.5
1897 0.1 -2.4
1898 0.1 -2.3
1899 0.1 -2.2
1900 0.1 -2.1
1901 0.1 -2.0
1902 0.1 -1.9
1903 0.1 -1.8
1904 0.1 -1.7
1905 0.1 -1.6
1906 0.1 -1.5
1907 0.1 -1.4
1908 0.1 -1.3
1909 0.1 -1.2
1910 0.1 -1.1
1911 0.1 -1.0
1912 0.1 -0.9
1913 0.1 -0.8
1914 0.1 -0.7
1915 0.1 -0.6
1916 0.1 -0.5
1917 0.1 -0.4
1918 0.1 -0.3
1919 0.1 -0.2
1920 0.1 -0.1
1921 0.1 0.0
1922 0.1 0.1
1923 0.1 0.2
1924 0.1 0.3
1925 0.1 0.4
1926 0.1 0.5
1927 0.1 0.6
1928 0.1 0.7
1929 0.1 0.8
1930 0.1 0.9
1931 0.1 1.0
1932 0.1 1.1
1933 0.1 1.2
1934 0.1 1.3
1935 0.1 1.4
1936 0.1 1.5
1937 0.1 1.6
1938 0.1 1.7
1939 0.1 1.8
1940 0.1 1.9
1941 0.1 2.0
1942 0.1 2.1
1943 0.1 2.2
1944 0.1 2.3
1945 0.1 2.4
1946 0.1 2.5
1947 0.1 2.6
1948 0.1 2.7
1949 0.1 2.8
1950 0.1 2.9
1951 0.1 3.0
1952 0.2 -3.0
1953 0.2 -2.9
1954 0.2 -2.8
1955 0.2 -2.7
1956 0.2 -2.6
1957 0.2 -2.5
1958 0.2 -2.4
1959 0.2 -2.3
1960 0.2 -2.2
1961 0.2 -2.1
1962 0.2 -2.0
1963 0.2 -1.9
1964 0.2 -1.8
1965 0.2 -1.7
1966 0.2 -1.6
1967 0.2 -1.5
1968 0.2 -1.4
1969 0.2 -1.3
1970 0.2 -1.2
1971 0.2 -1.1
1972 0.2 -1.0
1973 0.2 -0.9
1974 0.2 -0.8
1975 0.2 -0.7
1976 0.2 -0.6
1977 0.2 -0.5
1978 0.2 -0.4
1979 0.2 -0.3
1980 0.2 -0.2
1981 0.2 -0.1
1982 0.2 0.0
1983 0.2 0.1
1984 0.2 0.2
1985 0.2 0.3
1986 0.2 0.4
1987 0.2 0.5
1988 0.2 0.6
1989 0.2 0.7
1990 0.2 0.8
1991 0.2 0.9
1992 0.2 1.0
1993 0.2 1.1
1994 0.2 1.2
1995 0.2 1.3
1996 0.2 1.4
1997 0.2 1.5
1998 0.2 1.6
1999 0.2 1.7
2000 0.2 1.8
2001 0.2 1.9
2002 0.2 2.0
2003 0.2 2.1
2004 0.2 2.2
2005 0.2 2.3
2006 0.2 2.4
2007 0.2 2.5
2008 0.2 2.6
2009 0.2 2.7
2010 0.2 2.8
2011 0.2 2.9
2012 0.2 3.0
2013 0.3 -3.0
2014 0.3 -2.9
2015 0.3 -2.8
2016 0.3 -2.7
2017 0.3 -2.6
2018 0.3 -2.5
2019 0.3 -2.4
2020 0.3 -2.3
2021 0.3 -2.2
2022 0.3 -2.1
2023 0.3 -2.0
2024 0.3 -1.9
2025 0.3 -1.8
2026 0.3 -1.7
2027 0.3 -1.6
2028 0.3 -1.5
2029 0.3 -1.4
2030 0.3 -1.3
2031 0.3 -1.2
2032 0.3 -1.1
2033 0.3 -1.0
2034 0.3 -0.9
2035 0.3 -0.8
2036 0.3 -0.7
2037 0.3 -0.6
2038 0.3 -0.5
2039 0.3 -0.4
2040 0.3 -0.3
2041 0.3 -0.2
2042 0.3 -0.1
2043 0.3 0.0
2044 0.3 0.1
2045 0.3 0.2
2046 0.3 0.3
2047 0.3 0.4
2048 0.3 0.5
2049 0.3 0.6
2050 0.3 0.7
2051 0.3 0.8
2052 0.3 0.9
2053 0.3 1.0
2054 0.3 1.1
2055 0.3 1.2
2056 0.3 1.3
2057 0.3 1.4
2058 0.3 1.5
2059 0.3 1.6
2060 0.3 1.7
2061 0.3 1.8
2062 0.3 1.9
2063 0.3 2.0
2064 0.3 2.1
2065 0.3 2.2
2066 0.3 2.3
2067 0.3 2.4
2068 0.3 2.5
2069 0.3 2.6
2070 0.3 2.7
2071 0.3 2.8
2072 0.3 2.9
2073 0.3 3.0
2074 0.4 -3.0
2075 0.4 -2.9
2076 0.4 -2.8
2077 0.4 -2.7
2078 0.4 -2.6
2079 0.4 -2.5
2080 0.4 -2.4
2081 0.4 -2.3
2082 0.4 -2.2
2083 0.4 -2.1
2084 0.4 -2.0
2085 0.4 -1.9
2086 0.4 -1.8
2087 0.4 -1.7
2088 0.4 -1.6
2089 0.4 -1.5
2090 0.4 -1.4
2091 0.4 -1.3
2092 0.4 -1.2
2093 0.4 -1.1
2094 0.4 -1.0
2095 0.4 -0.9
2096 0.4 -0.8
2097 0.4 -0.7
2098 0.4 -0.6
2099 0.4 -0.5
2100 0.4 -0.4
2101 0.4 -0.3
2102 0.4 -0.2
2103 0.4 -0.1
2104 0.4 0.0
2105 0.4 0.1
2106 0.4 0.2
2107 0.4 0.3
2108 0.4 0.4
2109 0.4 0.5
2110 0.4 0.6
2111 0.4 0.7
2112 0.4 0.8
2113 0.4 0.9
2114 0.4 1.0
2115 0.4 1.1
2116 0.4 1.2
2117 0.4 1.3
2118 0.4 1.4
2119 0.4 1.5
2120 0.4 1.6
2121 0.4 1.7
2122 0.4 1.8
2123 0.4 1.9
2124 0.4 2.0
2125 0.4 2.1
2126 0.4 2.2
2127 0.4 2.3
2128 0.4 2.4
2129 0.4 2.5
2130 0.4 2.6
2131 0.4 2.7
2132 0.4 2.8
2133 0.4 2.9
2134 0.4 3.0
2135 0.5 -3.0
2136 0.5 -2.9
2137 0.5 -2.8
2138 0.5 -2.7
2139 0.5 -2.6
2140 0.5 -2.5
2141 0.5 -2.4
2142 0.5 -2.3
2143 0.5 -2.2
2144 0.5 -2.1
2145 0.5 -2.0
2146 0.5 -1.9
2147 0.5 -1.8
2148 0.5 -1.7
2149 0.5 -1.6
2150 0.5 -1.5
2151 0.5 -1.4
2152 0.5 -1.3
2153 0.5 -1.2
2154 0.5 -1.1
2155 0.5 -1.0
2156 0.5 -0.9
2157 0.5 -0.8
2158 0.5 -0.7
2159 0.5 -0.6
2160 0.5 -0.5
2161 0.5 -0.4
2162 0.5 -0.3
2163 0.5 -0.2
2164 0.5 -0.1
2165 0.5 0.0
2166 0.5 0.1
2167 0.5 0.2
2168 0.5 0.3
2169 0.5 0.4
2170 0.5 0.5
2171 0.5 0.6
2172 0.5 0.7
2173 0.5 0.8
2174 0.5 0.9
2175 0.5 1.0
2176 0.5 1.1
2177 0.5 1.2
2178 0.5 1.3
2179 0.5 1.4
2180 0.5 1.5
2181 0.5 1.6
2182 0.5 1.7
2183 0.5 1.8
2184 0.5 1.9
2185 0.5 2.0
2186 0.5 2.1
2187 0.5 2.2
2188 0.5 2.3
2189 0.5 2.4
2190 0.5 2.5
2191 0.5 2.6
2192 0.5 2.7
2193 0.5 2.8
2194 0.5 2.9
2195 0.5 3.0
2196 0.6 -3.0
2197 0.6 -2.9
2198 0.6 -2.8
2199 0.6 -2.7
2200 0.6 -2.6
2201 0.6 -2.5
2202 0.6 -2.4
2203 0.6 -2.3
2204 0.6 -2.2
2205 0.6 -2.1
2206 0.6 -2.0
2207 0.6 -1.9
2208 0.6 -1.8
2209 0.6 -1.7
2210 0.6 -1.6
2211 0.6 -1.5
2212 0.6 -1.4
2213 0.6 -1.3
2214 0.6 -1.2
2215 0.6 -1.1
2216 0.6 -1.0
2217 0.6 -0.9
2218 0.6 -0.8
2219 0.6 -0.7
2220 0.6 -0.6
2221 0.6 -0.5
2222 0.6 -0.4
2223 0.6 -0.3
2224 0.6 -0.2
2225 0.6 -0.1
2226 0.6 0.0
2227 0.6 0.1
2228 0.6 0.2
2229 0.6 0.3
2230 0.6 0.4
2231 0.6 0.5
2232 0.6 0.6
2233 0.6 0.7
2234 0.6 0.8
2235 0.6 0.9
2236 0.6 1.0
2237 0.6 1.1
2238 0.6 1.2
2239 0.6 1.3
2240 0.6 1.4
2241 0.6 1.5
2242 0.6 1.6
2243 0.6 1.7
2244 0.6 1.8
2245 0.6 1.9
2246 0.6 2.0
2247 0.6 2.1
2248 0.6 2.2
2249 0.6 2.3
2250 0.6 2.4
2251 0.6 2.5
2252 0.6 2.6
2253 0.6 2.7
2254 0.6 2.8
2255 0.6 2.9
2256 0.6 3.0
2257 0.7 -3.0
2258 0.7 -2.9
2259 0.7 -2.8
2260 0.7 -2.7
2261 0.7 -2.6
2262 0.7 -2.5
2263 0.7 -2.4
2264 0.7 -2.3
2265 0.7 -2.2
2266 0.7 -2.1
2267 0.7 -2.0
2268 0.7 -1.9
2269 0.7 -1.8
2270 0.7 -1.7
2271 0.7 -1.6
2272 0.7 -1.5
2273 0.7 -1.4
2274 0.7 -1.3
2275 0.7 -1.2
2276 0.7 -1.1
2277 0.7 -1.0
2278 0.7 -0.9
2279 0.7 -0.8
2280 0.7 -0.7
2281 0.7 -0.6
2282 0.7 -0.5
2283 0.7 -0.4
2284 0.7 -0.3
2285 0.7 -0.2
2286 0.7 -0.1
2287 0.7 0.0
2288 0.7 0.1
2289 0.7 0.2
2290 0.7 0.3
2291 0.7 0.4
2292 0.7 0.5
2293 0.7 0.6
2294 0.7 0.7
2295 0.7 0.8
2296 0.7 0.9
2297 0.7 1.0
2298 0.7 1.1
2299 0.7 1.2
2300 0.7 1.3
2301 0.7 1.4
2302 0.7 1.5
2303 0.7 1.6
2304 0.7 1.7
2305 0.7 1.8
2306 0.7 1.9
2307 0.7 2.0
2308 0.7 2.1
2309 0.7 2.2
2310 0.7 2.3
2311 0.7 2.4
2312 0.7 2.5
2313 0.7 2.6
2314 0.7 2.7
2315 0.7 2.8
2316 0.7 2.9
2317 0.7 3.0
2318 0.8 -3.0
2319 0.8 -2.9
2320 0.8 -2.8
2321 0.8 -2.7
2322 0.8 -2.6
2323 0.8 -2.5
2324 0.8 -2.4
2325 0.8 -2.3
2326 0.8 -2.2
2327 0.8 -2.1
2328 0.8 -2.0
2329 0.8 -1.9
2330 0.8 -1.8
2331 0.8 -1.7
2332 0.8 -1.6
2333 0.8 -1.5
2334 0.8 -1.4
2335 0.8 -1.3
2336 0.8 -1.2
2337 0.8 -1.1
2338 0.8 -1.0
2339 0.8 -0.9
2340 0.8 -0.8
2341 0.8 -0.7
2342 0.8 -0.6
2343 0.8 -0.5
2344 0.8 -0.4
2345 0.8 -0.3
2346 0.8 -0.2
2347 0.8 -0.1
2348 0.8 0.0
2349 0.8 0.1
2350 0.8 0.2
2351 0.8 0.3
2352 0.8 0.4
2353 0.8 0.5
2354 0.8 0.6
2355 0.8 0.7
2356 0.8 0.8
2357 0.8 0.9
2358 0.8 1.0
2359 0.8 1.1
2360 0.8 1.2
2361 0.8 1.3
2362 0.8 1.4
2363 0.8 1.5
2364 0.8 1.6
2365 0.8 1.7
2366 0.8 1.8
2367 0.8 1.9
2368 0.8 2.0
2369 0.8 2.1
2370 0.8 2.2
2371 0.8 2.3
2372 0.8 2.4
2373 0.8 2.5
2374 0.8 2.6
2375 0.8 2.7
2376 0.8 2.8
2377 0.8 2.9
2378 0.8 3.0
2379 0.9 -3.0
2380 0.9 -2.9
2381 0.9 -2.8
2382 0.9 -2.7
2383 0.9 -2.6
2384 0.9 -2.5
2385 0.9 -2.4
2386 0.9 -2.3
2387 0.9 -2.2
2388 0.9 -2.1
2389 0.9 -2.0
2390 0.9 -1.9
2391 0.9 -1.8
2392 0.9 -1.7
2393 0.9 -1.6
2394 0.9 -1.5
2395 0.9 -1.4
2396 0.9 -1.3
2397 0.9 -1.2
2398 0.9 -1.1
2399 0.9 -1.0
2400 0.9 -0.9
2401 0.9 -0.8
2402 0.9 -0.7
2403 0.9 -0.6
2404 0.9 -0.5
2405 0.9 -0.4
2406 0.9 -0.3
2407 0.9 -0.2
2408 0.9 -0.1
2409 0.9 0.0
2410 0.9 0.1
2411 0.9 0.2
2412 0.9 0.3
2413 0.9 0.4
2414 0.9 0.5
2415 0.9 0.6
2416 0.9 0.7
2417 0.9 0.8
2418 0.9 0.9
2419 0.9 1.0
2420 0.9 1.1
2421 0.9 1.2
2422 0.9 1.3
2423 0.9 1.4
2424 0.9 1.5
2425 0.9 1.6
2426 0.9 1.7
2427 0.9 1.8
2428 0.9 1.9
2429 0.9 2.0
2430 0.9 2.1
2431 0.9 2.2
2432 0.9 2.3
2433 0.9 2.4
2434 0.9 2.5
2435 0.9 2.6
2436 0.9 2.7
2437 0.9 2.8
2438 0.9 2.9
2439 0.9 3.0
2440 1.0 -3.0
2441 1.0 -2.9
2442 1.0 -2.8
2443 1.0 -2.7
2444 1.0 -2.6
2445 1.0 -2.5
2446 1.0 -2.4
2447 1.0 -2.3
2448 1.0 -2.2
2449 1.0 -2.1
2450 1.0 -2.0
2451 1.0 -1.9
2452 1.0 -1.8
2453 1.0 -1.7
2454 1.0 -1.6
2455 1.0 -1.5
2456 1.0 -1.4
2457 1.0 -1.3
2458 1.0 -1.2
2459 1.0 -1.1
2460 1.0 -1.0
2461 1.0 -0.9
2462 1.0 -0.8
2463 1.0 -0.7
2464 1.0 -0.6
2465 1.0 -0.5
2466 1.0 -0.4
2467 1.0 -0.3
2468 1.0 -0.2
2469 1.0 -0.1
2470 1.0 0.0
2471 1.0 0.1
2472 1.0 0.2
2473 1.0 0.3
2474 1.0 0.4
2475 1.0 0.5
2476 1.0 0.6
2477 1.0 0.7
2478 1.0 0.8
2479 1.0 0.9
2480 1.0 1.0
2481 1.0 1.1
2482 1.0 1.2
2483 1.0 1.3
2484 1.0 1.4
2485 1.0 1.5
2486 1.0 1.6
2487 1.0 1.7
2488 1.0 1.8
2489 1.0 1.9
2490 1.0 2.0
2491 1.0 2.1
2492 1.0 2.2
2493 1.0 2.3
2494 1.0 2.4
2495 1.0 2.5
2496 1.0 2.6
2497 1.0 2.7
2498 1.0 2.8
2499 1.0 2.9
2500 1.0 3.0
2501 1.1 -3.0
2502 1.1 -2.9
2503 1.1 -2.8
2504 1.1 -2.7
2505 1.1 -2.6
2506 1.1 -2.5
2507 1.1 -2.4
2508 1.1 -2.3
2509 1.1 -2.2
2510 1.1 -2.1
2511 1.1 -2.0
2512 1.1 -1.9
2513 1.1 -1.8
2514 1.1 -1.7
2515 1.1 -1.6
2516 1.1 -1.5
2517 1.1 -1.4
2518 1.1 -1.3
2519 1.1 -1.2
2520 1.1 -1.1
2521 1.1 -1.0
2522 1.1 -0.9
2523 1.1 -0.8
2524 1.1 -0.7
2525 1.1 -0.6
2526 1.1 -0.5
2527 1.1 -0.4
2528 1.1 -0.3
2529 1.1 -0.2
2530 1.1 -0.1
2531 1.1 0.0
2532 1.1 0.1
2533 1.1 0.2
2534 1.1 0.3
2535 1.1 0.4
2536 1.1 0.5
2537 1.1 0.6
2538 1.1 0.7
2539 1.1 0.8
2540 1.1 0.9
2541 1.1 1.0
2542 1.1 1.1
2543 1.1 1.2
2544 1.1 1.3
2545 1.1 1.4
2546 1.1 1.5
2547 1.1 1.6
2548 1.1 1.7
2549 1.1 1.8
2550 1.1 1.9
2551 1.1 2.0
2552 1.1 2.1
2553 1.1 2.2
2554 1.1 2.3
2555 1.1 2.4
2556 1.1 2.5
2557 1.1 2.6
2558 1.1 2.7
2559 1.1 2.8
2560 1.1 2.9
2561 1.1 3.0
2562 1.2 -3.0
2563 1.2 -2.9
2564 1.2 -2.8
2565 1.2 -2.7
2566 1.2 -2.6
2567 1.2 -2.5
2568 1.2 -2.4
2569 1.2 -2.3
2570 1.2 -2.2
2571 1.2 -2.1
2572 1.2 -2.0
2573 1.2 -1.9
2574 1.2 -1.8
2575 1.2 -1.7
2576 1.2 -1.6
2577 1.2 -1.5
2578 1.2 -1.4
2579 1.2 -1.3
2580 1.2 -1.2
2581 1.2 -1.1
2582 1.2 -1.0
2583 1.2 -0.9
2584 1.2 -0.8
2585 1.2 -0.7
2586 1.2 -0.6
2587 1.2 -0.5
2588 1.2 -0.4
2589 1.2 -0.3
2590 1.2 -0.2
2591 1.2 -0.1
2592 1.2 0.0
2593 1.2 0.1
2594 1.2 0.2
2595 1.2 0.3
2596 1.2 0.4
2597 1.2 0.5
2598 1.2 0.6
2599 1.2 0.7
2600 1.2 0.8
2601 1.2 0.9
2602 1.2 1.0
2603 1.2 1.1
2604 1.2 1.2
2605 1.2 1.3
2606 1.2 1.4
2607 1.2 1.5
2608 1.2 1.6
2609 1.2 1.7
2610 1.2 1.8
2611 1.2 1.9
2612 1.2 2.0
2613 1.2 2.1
2614 1.2 2.2
2615 1.2 2.3
2616 1.2 2.4
2617 1.2 2.5
2618 1.2 2.6
2619 1.2 2.7
2620 1.2 2.8
2621 1.2 2.9
2622 1.2 3.0
2623 1.3 -3.0
2624 1.3 -2.9
2625 1.3 -2.8
2626 1.3 -2.7
2627 1.3 -2.6
2628 1.3 -2.5
2629 1.3 -2.4
2630 1.3 -2.3
2631 1.3 -2.2
2632 1.3 -2.1
2633 1.3 -2.0
2634 1.3 -1.9
2635 1.3 -1.8
2636 1.3 -1.7
2637 1.3 -1.6
2638 1.3 -1.5
2639 1.3 -1.4
2640 1.3 -1.3
2641 1.3 -1.2
2642 1.3 -1.1
2643 1.3 -1.0
2644 1.3 -0.9
2645 1.3 -0.8
2646 1.3 -0.7
2647 1.3 -0.6
2648 1.3 -0.5
2649 1.3 -0.4
2650 1.3 -0.3
2651 1.3 -0.2
2652 1.3 -0.1
2653 1.3 0.0
2654 1.3 0.1
2655 1.3 0.2
2656 1.3 0.3
2657 1.3 0.4
2658 1.3 0.5
2659 1.3 0.6
2660 1.3 0.7
2661 1.3 0.8
2662 1.3 0.9
2663 1.3 1.0
2664 1.3 1.1
2665 1.3 1.2
2666 1.3 1.3
2667 1.3 1.4
2668 1.3 1.5
2669 1.3 1.6
2670 1.3 1.7
2671 1.3 1.8
2672 1.3 1.9
2673 1.3 2.0
2674 1.3 2.1
2675 1.3 2.2
2676 1.3 2.3
2677 1.3 2.4
2678 1.3 2.5
2679 1.3 2.6
2680 1.3 2.7
2681 1.3 2.8
2682 1.3 2.9
2683 1.3 3.0
2684 1.4 -3.0
2685 1.4 -2.9
2686 1.4 -2.8
2687 1.4 -2.7
2688 1.4 -2.6
2689 1.4 -2.5
2690 1.4 -2.4
2691 1.4 -2.3
2692 1.4 -2.2
2693 1.4 -2.1
2694 1.4 -2.0
2695 1.4 -1.9
2696 1.4 -1.8
2697 1.4 -1.7
2698 1.4 -1.6
2699 1.4 -1.5
2700 1.4 -1.4
2701 1.4 -1.3
2702 1.4 -1.2
2703 1.4 -1.1
2704 1.4 -1.0
2705 1.4 -0.9
2706 1.4 -0.8
2707 1.4 -0.7
2708 1.4 -0.6
2709 1.4 -0.5
2710 1.4 -0.4
2711 1.4 -0.3
2712 1.4 -0.2
2713 1.4 -0.1
2714 1.4 0.0
2715 1.4 0.1
2716 1.4 0.2
2717 1.4 0.3
2718 1.4 0.4
2719 1.4 0.5
2720 1.4 0.6
2721 1.4 0.7
2722 1.4 0.8
2723 1.4 0.9
2724 1.4 1.0
2725 1.4 1.1
2726 1.4 1.2
2727 1.4 1.3
2728 1.4 1.4
2729 1.4 1.5
2730 1.4 1.6
2731 1.4 1.7
2732 1.4 1.8
2733 1.4 1.9
2734 1.4 2.0
2735 1.4 2.1
2736 1.4 2.2
2737 1.4 2.3
2738 1.4 2.4
2739 1.4 2.5
2740 1.4 2.6
2741 1.4 2.7
2742 1.4 2.8
2743 1.4 2.9
2744 1.4 3.0
2745 1.5 -3.0
2746 1.5 -2.9
2747 1.5 -2.8
2748 1.5 -2.7
2749 1.5 -2.6
2750 1.5 -2.5
2751 1.5 -2.4
2752 1.5 -2.3
2753 1.5 -2.2
2754 1.5 -2.1
2755 1.5 -2.0
2756 1.5 -1.9
2757 1.5 -1.8
2758 1.5 -1.7
2759 1.5 -1.6
2760 1.5 -1.5
2761 1.5 -1.4
2762 1.5 -1.3
2763 1.5 -1.2
2764 1.5 -1.1
2765 1.5 -1.0
2766 1.5 -0.9
2767 1.5 -0.8
2768 1.5 -0.7
2769 1.5 -0.6
2770 1.5 -0.5
2771 1.5 -0.4
2772 1.5 -0.3
2773 1.5 -0.2
2774 1.5 -0.1
2775 1.5 0.0
2776 1.5 0.1
2777 1.5 0.2
2778 1.5 0.3
2779 1.5 0.4
2780 1.5 0.5
2781 1.5 0.6
2782 1.5 0.7
2783 1.5 0.8
2784 1.5 0.9
2785 1.5 1.0
2786 1.5 1.1
2787 1.5 1.2
2788 1.5 1.3
2789 1.5 1.4
2790 1.5 1.5
2791 1.5 1.6
2792 1.5 1.7
2793 1.5 1.8
2794 1.5 1.9
2795 1.5 2.0
2796 1.5 2.1
2797 1.5 2.2
2798 1.5 2.3
2799 1.5 2.4
2800 1.5 2.5
2801 1.5 2.6
2802 1.5 2.7
2803 1.5 2.8
2804 1.5 2.9
2805 1.5 3.0
2806 1.6 -3.0
2807 1.6 -2.9
2808 1.6 -2.8
2809 1.6 -2.7
2810 1.6 -2.6
2811 1.6 -2.5
2812 1.6 -2.4
2813 1.6 -2.3
2814 1.6 -2.2
2815 1.6 -2.1
2816 1.6 -2.0
2817 1.6 -1.9
2818 1.6 -1.8
2819 1.6 -1.7
2820 1.6 -1.6
2821 1.6 -1.5
2822 1.6 -1.4
2823 1.6 -1.3
2824 1.6 -1.2
2825 1.6 -1.1
2826 1.6 -1.0
2827 1.6 -0.9
2828 1.6 -0.8
2829 1.6 -0.7
2830 1.6 -0.6
2831 1.6 -0.5
2832 1.6 -0.4
2833 1.6 -0.3
2834 1.6 -0.2
2835 1.6 -0.1
2836 1.6 0.0
2837 1.6 0.1
2838 1.6 0.2
2839 1.6 0.3
2840 1.6 0.4
2841 1.6 0.5
2842 1.6 0.6
2843 1.6 0.7
2844 1.6 0.8
2845 1.6 0.9
2846 1.6 1.0
2847 1.6 1.1
2848 1.6 1.2
2849 1.6 1.3
2850 1.6 1.4
2851 1.6 1.5
2852 1.6 1.6
2853 1.6 1.7
2854 1.6 1.8
2855 1.6 1.9
2856 1.6 2.0
2857 1.6 2.1
2858 1.6 2.2
2859 1.6 2.3
2860 1.6 2.4
2861 1.6 2.5
2862 1.6 2.6
2863 1.6 2.7
2864 1.6 2.8
2865 1.6 2.9
2866 1.6 3.0
2867 1.7 -3.0
2868 1.7 -2.9
2869 1.7 -2.8
2870 1.7 -2.7
2871 1.7 -2.6
2872 1.7 -2.5
2873 1.7 -2.4
2874 1.7 -2.3
2875 1.7 -2.2
2876 1.7 -2.1
2877 1.7 -2.0
2878 1.7 -1.9
2879 1.7 -1.8
2880 1.7 -1.7
2881 1.7 -1.6
2882 1.7 -1.5
2883 1.7 -1.4
2884 1.7 -1.3
2885 1.7 -1.2
2886 1.7 -1.1
2887 1.7 -1.0
2888 1.7 -0.9
2889 1.7 -0.8
2890 1.7 -0.7
2891 1.7 -0.6
2892 1.7 -0.5
2893 1.7 -0.4
2894 1.7 -0.3
2895 1.7 -0.2
2896 1.7 -0.1
2897 1.7 0.0
2898 1.7 0.1
2899 1.7 0.2
2900 1.7 0.3
2901 1.7 0.4
2902 1.7 0.5
2903 1.7 0.6
2904 1.7 0.7
2905 1.7 0.8
2906 1.7 0.9
2907 1.7 1.0
2908 1.7 1.1
2909 1.7 1.2
2910 1.7 1.3
2911 1.7 1.4
2912 1.7 1.5
2913 1.7 1.6
2914 1.7 1.7
2915 1.7 1.8
2916 1.7 1.9
2917 1.7 2.0
2918 1.7 2.1
2919 1.7 2.2
2920 1.7 2.3
2921 1.7 2.4
2922 1.7 2.5
2923 1.7 2.6
2924 1.7 2.7
2925 1.7 2.8
2926 1.7 2.9
2927 1.7 3.0
2928 1.8 -3.0
2929 1.8 -2.9
2930 1.8 -2.8
2931 1.8 -2.7
2932 1.8 -2.6
2933 1.8 -2.5
2934 1.8 -2.4
2935 1.8 -2.3
2936 1.8 -2.2
2937 1.8 -2.1
2938 1.8 -2.0
2939 1.8 -1.9
2940 1.8 -1.8
2941 1.8 -1.7
2942 1.8 -1.6
2943 1.8 -1.5
2944 1.8 -1.4
2945 1.8 -1.3
2946 1.8 -1.2
2947 1.8 -1.1
2948 1.8 -1.0
2949 1.8 -0.9
2950 1.8 -0.8
2951 1.8 -0.7
2952 1.8 -0.6
2953 1.8 -0.5
2954 1.8 -0.4
2955 1.8 -0.3
2956 1.8 -0.2
2957 1.8 -0.1
2958 1.8 0.0
2959 1.8 0.1
2960 1.8 0.2
2961 1.8 0.3
2962 1.8 0.4
2963 1.8 0.5
2964 1.8 0.6
2965 1.8 0.7
2966 1.8 0.8
2967 1.8 0.9
2968 1.8 1.0
2969 1.8 1.1
2970 1.8 1.2
2971 1.8 1.3
2972 1.8 1.4
2973 1.8 1.5
2974 1.8 1.6
2975 1.8 1.7
2976 1.8 1.8
2977 1.8 1.9
2978 1.8 2.0
2979 1.8 2.1
2980 1.8 2.2
2981 1.8 2.3
2982 1.8 2.4
2983 1.8 2.5
2984 1.8 2.6
2985 1.8 2.7
2986 1.8 2.8
2987 1.8 2.9
2988 1.8 3.0
2989 1.9 -3.0
2990 1.9 -2.9
2991 1.9 -2.8
2992 1.9 -2.7
2993 1.9 -2.6
2994 1.9 -2.5
2995 1.9 -2.4
2996 1.9 -2.3
2997 1.9 -2.2
2998 1.9 -2.1
2999 1.9 -2.0
3000 1.9 -1.9
3001 1.9 -1.8
3002 1.9 -1.7
3003 1.9 -1.6
3004 1.9 -1.5
3005 1.9 -1.4
3006 1.9 -1.3
3007 1.9 -1.2
3008 1.9 -1.1
3009 1.9 -1.0
3010 1.9 -0.9
3011 1.9 -0.8
3012 1.9 -0.7
3013 1.9 -0.6
3014 1.9 -0.5
3015 1.9 -0.4
3016 1.9 -0.3
3017 1.9 -0.2
3018 1.9 -0.1
3019 1.9 0.0
3020 1.9 0.1
3021 1.9 0.2
3022 1.9 0.3
3023 1.9 0.4
3024 1.9 0.5
3025 1.9 0.6
3026 1.9 0.7
3027 1.9 0.8
3028 1.9 0.9
3029 1.9 1.0
3030 1.9 1.1
3031 1.9 1.2
3032 1.9 1.3
3033 1.9 1.4
3034 1.9 1.5
3035 1.9 1.6
3036 1.9 1.7
3037 1.9 1.8
3038 1.9 1.9
3039 1.9 2.0
3040 1.9 2.1
3041 1.9 2.2
3042 1.9 2.3
3043 1.9 2.4
3044 1.9 2.5
3045 1.9 2.6
3046 1.9 2.7
3047 1.9 2.8
3048 1.9 2.9
3049 1.9 3.0
3050 2.0 -3.0
3051 2.0 -2.9
3052 2.0 -2.8
3053 2.0 -2.7
3054 2.0 -2.6
3055 2.0 -2.5
3056 2.0 -2.4
3057 2.0 -2.3
3058 2.0 -2.2
3059 2.0 -2.1
3060 2.0 -2.0
3061 2.0 -1.9
3062 2.0 -1.8
3063 2.0 -1.7
3064 2.0 -1.6
3065 2.0 -1.5
3066 2.0 -1.4
3067 2.0 -1.3
3068 2.0 -1.2
3069 2.0 -1.1
3070 2.0 -1.0
3071 2.0 -0.9
3072 2.0 -0.8
3073 2.0 -0.7
3074 2.0 -0.6
3075 2.0 -0.5
3076 2.0 -0.4
3077 2.0 -0.3
3078 2.0 -0.2
3079 2.0 -0.1
3080 2.0 0.0
3081 2.0 0.1
3082 2.0 0.2
3083 2.0 0.3
3084 2.0 0.4
3085 2.0 0.5
3086 2.0 0.6
3087 2.0 0.7
3088 2.0 0.8
3089 2.0 0.9
3090 2.0 1.0
3091 2.0 1.1
3092 2.0 1.2
3093 2.0 1.3
3094 2.0 1.4
3095 2.0 1.5
3096 2.0 1.6
3097 2.0 1.7
3098 2.0 1.8
3099 2.0 1.9
3100 2.0 2.0
3101 2.0 2.1
3102 2.0 2.2
3103 2.0 2.3
3104 2.0 2.4
3105 2.0 2.5
3106 2.0 2.6
3107 2.0 2.7
3108 2.0 2.8
3109 2.0 2.9
3110 2.0 3.0
3111 2.1 -3.0
3112 2.1 -2.9
3113 2.1 -2.8
3114 2.1 -2.7
3115 2.1 -2.6
3116 2.1 -2.5
3117 2.1 -2.4
3118 2.1 -2.3
3119 2.1 -2.2
3120 2.1 -2.1
3121 2.1 -2.0
3122 2.1 -1.9
3123 2.1 -1.8
3124 2.1 -1.7
3125 2.1 -1.6
3126 2.1 -1.5
3127 2.1 -1.4
3128 2.1 -1.3
3129 2.1 -1.2
3130 2.1 -1.1
3131 2.1 -1.0
3132 2.1 -0.9
3133 2.1 -0.8
3134 2.1 -0.7
3135 2.1 -0.6
3136 2.1 -0.5
3137 2.1 -0.4
3138 2.1 -0.3
3139 2.1 -0.2
3140 2.1 -0.1
3141 2.1 0.0
3142 2.1 0.1
3143 2.1 0.2
3144 2.1 0.3
3145 2.1 0.4
3146 2.1 0.5
3147 2.1 0.6
3148 2.1 0.7
3149 2.1 0.8
3150 2.1 0.9
3151 2.1 1.0
3152 2.1 1.1
3153 2.1 1.2
3154 2.1 1.3
3155 2.1 1.4
3156 2.1 1.5
3157 2.1 1.6
3158 2.1 1.7
3159 2.1 1.8
3160 2.1 1.9
3161 2.1 2.0
3162 2.1 2.1
3163 2.1 2.2
3164 2.1 2.3
3165 2.1 2.4
3166 2.1 2.5
3167 2.1 2.6
3168 2.1 2.7
3169 2.1 2.8
3170 2.1 2.9
3171 2.1 3.0
3172 2.2 -3.0
3173 2.2 -2.9
3174 2.2 -2.8
3175 2.2 -2.7
3176 2.2 -2.6
3177 2.2 -2.5
3178 2.2 -2.4
3179 2.2 -2.3
3180 2.2 -2.2
3181 2.2 -2.1
3182 2.2 -2.0
3183 2.2 -1.9
3184 2.2 -1.8
3185 2.2 -1.7
3186 2.2 -1.6
3187 2.2 -1.5
3188 2.2 -1.4
3189 2.2 -1.3
3190 2.2 -1.2
3191 2.2 -1.1
3192 2.2 -1.0
3193 2.2 -0.9
3194 2.2 -0.8
3195 2.2 -0.7
3196 2.2 -0.6
3197 2.2 -0.5
3198 2.2 -0.4
3199 2.2 -0.3
3200 2.2 -0.2
3201 2.2 -0.1
3202 2.2 0.0
3203 2.2 0.1
3204 2.2 0.2
3205 2.2 0.3
3206 2.2 0.4
3207 2.2 0.5
3208 2.2 0.6
3209 2.2 0.7
3210 2.2 0.8
3211 2.2 0.9
3212 2.2 1.0
3213 2.2 1.1
3214 2.2 1.2
3215 2.2 1.3
3216 2.2 1.4
3217 2.2 1.5
3218 2.2 1.6
3219 2.2 1.7
3220 2.2 1.8
3221 2.2 1.9
3222 2.2 2.0
3223 2.2 2.1
3224 2.2 2.2
3225 2.2 2.3
3226 2.2 2.4
3227 2.2 2.5
3228 2.2 2.6
3229 2.2 2.7
3230 2.2 2.8
3231 2.2 2.9
3232 2.2 3.0
3233 2.3 -3.0
3234 2.3 -2.9
3235 2.3 -2.8
3236 2.3 -2.7
3237 2.3 -2.6
3238 2.3 -2.5
3239 2.3 -2.4
3240 2.3 -2.3
3241 2.3 -2.2
3242 2.3 -2.1
3243 2.3 -2.0
3244 2.3 -1.9
3245 2.3 -1.8
3246 2.3 -1.7
3247 2.3 -1.6
3248 2.3 -1.5
3249 2.3 -1.4
3250 2.3 -1.3
3251 2.3 -1.2
3252 2.3 -1.1
3253 2.3 -1.0
3254 2.3 -0.9
3255 2.3 -0.8
3256 2.3 -0.7
3257 2.3 -0.6
3258 2.3 -0.5
3259 2.3 -0.4
3260 2.3 -0.3
3261 2.3 -0.2
3262 2.3 -0.1
3263 2.3 0.0
3264 2.3 0.1
3265 2.3 0.2
3266 2.3 0.3
3267 2.3 0.4
3268 2.3 0.5
3269 2.3 0.6
3270 2.3 0.7
3271 2.3 0.8
3272 2.3 0.9
3273 2.3 1.0
3274 2.3 1.1
3275 2.3 1.2
3276 2.3 1.3
3277 2.3 1.4
3278 2.3 1.5
3279 2.3 1.6
3280 2.3 1.7
3281 2.3 1.8
3282 2.3 1.9
3283 2.3 2.0
3284 2.3 2.1
3285 2.3 2.2
3286 2.3 2.3
3287 2.3 2.4
3288 2.3 2.5
3289 2.3 2.6
3290 2.3 2.7
3291 2.3 2.8
3292 2.3 2.9
3293 2.3 3.0
3294 2.4 -3.0
3295 2.4 -2.9
3296 2.4 -2.8
3297 2.4 -2.7
3298 2.4 -2.6
3299 2.4 -2.5
3300 2.4 -2.4
3301 2.4 -2.3
3302 2.4 -2.2
3303 2.4 -2.1
3304 2.4 -2.0
3305 2.4 -1.9
3306 2.4 -1.8
3307 2.4 -1.7
3308 2.4 -1.6
3309 2.4 -1.5
3310 2.4 -1.4
3311 2.4 -1.3
3312 2.4 -1.2
3313 2.4 -1.1
3314 2.4 -1.0
3315 2.4 -0.9
3316 2.4 -0.8
3317 2.4 -0.7
3318 2.4 -0.6
3319 2.4 -0.5
3320 2.4 -0.4
3321 2.4 -0.3
3322 2.4 -0.2
3323 2.4 -0.1
3324 2.4 0.0
3325 2.4 0.1
3326 2.4 0.2
3327 2.4 0.3
3328 2.4 0.4
3329 2.4 0.5
3330 2.4 0.6
3331 2.4 0.7
3332 2.4 0.8
3333 2.4 0.9
3334 2.4 1.0
3335 2.4 1.1
3336 2.4 1.2
3337 2.4 1.3
3338 2.4 1.4
3339 2.4 1.5
3340 2.4 1.6
3341 2.4 1.7
3342 2.4 1.8
3343 2.4 1.9
3344 2.4 2.0
3345 2.4 2.1
3346 2.4 2.2
3347 2.4 2.3
3348 2.4 2.4
3349 2.4 2.5
3350 2.4 2.6
3351 2.4 2.7
3352 2.4 2.8
3353 2.4 2.9
3354 2.4 3.0
3355 2.5 -3.0
3356 2.5 -2.9
3357 2.5 -2.8
3358 2.5 -2.7
3359 2.5 -2.6
3360 2.5 -2.5
3361 2.5 -2.4
3362 2.5 -2.3
3363 2.5 -2.2
3364 2.5 -2.1
3365 2.5 -2.0
3366 2.5 -1.9
3367 2.5 -1.8
3368 2.5 -1.7
3369 2.5 -1.6
3370 2.5 -1.5
3371 2.5 -1.4
3372 2.5 -1.3
3373 2.5 -1.2
3374 2.5 -1.1
3375 2.5 -1.0
3376 2.5 -0.9
3377 2.5 -0.8
3378 2.5 -0.7
3379 2.5 -0.6
3380 2.5 -0.5
3381 2.5 -0.4
3382 2.5 -0.3
3383 2.5 -0.2
3384 2.5 -0.1
3385 2.5 0.0
3386 2.5 0.1
3387 2.5 0.2
3388 2.5 0.3
3389 2.5 0.4
3390 2.5 0.5
3391 2.5 0.6
3392 2.5 0.7
3393 2.5 0.8
3394 2.5 0.9
3395 2.5 1.0
3396 2.5 1.1
3397 2.5 1.2
3398 2.5 1.3
3399 2.5 1.4
3400 2.5 1.5
3401 2.5 1.6
3402 2.5 1.7
3403 2.5 1.8
3404 2.5 1.9
3405 2.5 2.0
3406 2.5 2.1
3407 2.5 2.2
3408 2.5 2.3
3409 2.5 2.4
3410 2.5 2.5
3411 2.5 2.6
3412 2.5 2.7
3413 2.5 2.8
3414 2.5 2.9
3415 2.5 3.0
3416 2.6 -3.0
3417 2.6 -2.9
3418 2.6 -2.8
3419 2.6 -2.7
3420 2.6 -2.6
3421 2.6 -2.5
3422 2.6 -2.4
3423 2.6 -2.3
3424 2.6 -2.2
3425 2.6 -2.1
3426 2.6 -2.0
3427 2.6 -1.9
3428 2.6 -1.8
3429 2.6 -1.7
3430 2.6 -1.6
3431 2.6 -1.5
3432 2.6 -1.4
3433 2.6 -1.3
3434 2.6 -1.2
3435 2.6 -1.1
3436 2.6 -1.0
3437 2.6 -0.9
3438 2.6 -0.8
3439 2.6 -0.7
3440 2.6 -0.6
3441 2.6 -0.5
3442 2.6 -0.4
3443 2.6 -0.3
3444 2.6 -0.2
3445 2.6 -0.1
3446 2.6 0.0
3447 2.6 0.1
3448 2.6 0.2
3449 2.6 0.3
3450 2.6 0.4
3451 2.6 0.5
3452 2.6 0.6
3453 2.6 0.7
3454 2.6 0.8
3455 2.6 0.9
3456 2.6 1.0
3457 2.6 1.1
3458 2.6 1.2
3459 2.6 1.3
3460 2.6 1.4
3461 2.6 1.5
3462 2.6 1.6
3463 2.6 1.7
3464 2.6 1.8
3465 2.6 1.9
3466 2.6 2.0
3467 2.6 2.1
3468 2.6 2.2
3469 2.6 2.3
3470 2.6 2.4
3471 2.6 2.5
3472 2.6 2.6
3473 2.6 2.7
3474 2.6 2.8
3475 2.6 2.9
3476 2.6 3.0
3477 2.7 -3.0
3478 2.7 -2.9
3479 2.7 -2.8
3480 2.7 -2.7
3481 2.7 -2.6
3482 2.7 -2.5
3483 2.7 -2.4
3484 2.7 -2.3
3485 2.7 -2.2
3486 2.7 -2.1
3487 2.7 -2.0
3488 2.7 -1.9
3489 2.7 -1.8
3490 2.7 -1.7
3491 2.7 -1.6
3492 2.7 -1.5
3493 2.7 -1.4
3494 2.7 -1.3
3495 2.7 -1.2
3496 2.7 -1.1
3497 2.7 -1.0
3498 2.7 -0.9
3499 2.7 -0.8
3500 2.7 -0.7
3501 2.7 -0.6
3502 2.7 -0.5
3503 2.7 -0.4
3504 2.7 -0.3
3505 2.7 -0.2
3506 2.7 -0.1
3507 2.7 0.0
3508 2.7 0.1
3509 2.7 0.2
3510 2.7 0.3
3511 2.7 0.4
3512 2.7 0.5
3513 2.7 0.6
3514 2.7 0.7
3515 2.7 0.8
3516 2.7 0.9
3517 2.7 1.0
3518 2.7 1.1
3519 2.7 1.2
3520 2.7 1.3
3521 2.7 1.4
3522 2.7 1.5
3523 2.7 1.6
3524 2.7 1.7
3525 2.7 1.8
3526 2.7 1.9
3527 2.7 2.0
3528 2.7 2.1
3529 2.7 2.2
3530 2.7 2.3
3531 2.7 2.4
3532 2.7 2.5
3533 2.7 2.6
3534 2.7 2.7
3535 2.7 2.8
3536 2.7 2.9
3537 2.7 3.0
3538 2.8 -3.0
3539 2.8 -2.9
3540 2.8 -2.8
3541 2.8 -2.7
3542 2.8 -2.6
3543 2.8 -2.5
3544 2.8 -2.4
3545 2.8 -2.3
3546 2.8 -2.2
3547 2.8 -2.1
3548 2.8 -2.0
3549 2.8 -1.9
3550 2.8 -1.8
3551 2.8 -1.7
3552 2.8 -1.6
3553 2.8 -1.5
3554 2.8 -1.4
3555 2.8 -1.3
3556 2.8 -1.2
3557 2.8 -1.1
3558 2.8 -1.0
3559 2.8 -0.9
3560 2.8 -0.8
3561 2.8 -0.7
3562 2.8 -0.6
3563 2.8 -0.5
3564 2.8 -0.4
3565 2.8 -0.3
3566 2.8 -0.2
3567 2.8 -0.1
3568 2.8 0.0
3569 2.8 0.1
3570 2.8 0.2
3571 2.8 0.3
3572 2.8 0.4
3573 2.8 0.5
3574 2.8 0.6
3575 2.8 0.7
3576 2.8 0.8
3577 2.8 0.9
3578 2.8 1.0
3579 2.8 1.1
3580 2.8 1.2
3581 2.8 1.3
3582 2.8 1.4
3583 2.8 1.5
3584 2.8 1.6
3585 2.8 1.7
3586 2.8 1.8
3587 2.8 1.9
3588 2.8 2.0
3589 2.8 2.1
3590 2.8 2.2
3591 2.8 2.3
3592 2.8 2.4
3593 2.8 2.5
3594 2.8 2.6
3595 2.8 2.7
3596 2.8 2.8
3597 2.8 2.9
3598 2.8 3.0
3599 2.9 -3.0
3600 2.9 -2.9
3601 2.9 -2.8
3602 2.9 -2.7
3603 2.9 -2.6
3604 2.9 -2.5
3605 2.9 -2.4
3606 2.9 -2.3
3607 2.9 -2.2
3608 2.9 -2.1
3609 2.9 -2.0
3610 2.9 -1.9
3611 2.9 -1.8
3612 2.9 -1.7
3613 2.9 -1.6
3614 2.9 -1.5
3615 2.9 -1.4
3616 2.9 -1.3
3617 2.9 -1.2
3618 2.9 -1.1
3619 2.9 -1.0
3620 2.9 -0.9
3621 2.9 -0.8
3622 2.9 -0.7
3623 2.9 -0.6
3624 2.9 -0.5
3625 2.9 -0.4
3626 2.9 -0.3
3627 2.9 -0.2
3628 2.9 -0.1
3629 2.9 0.0
3630 2.9 0.1
3631 2.9 0.2
3632 2.9 0.3
3633 2.9 0.4
3634 2.9 0.5
3635 2.9 0.6
3636 2.9 0.7
3637 2.9 0.8
3638 2.9 0.9
3639 2.9 1.0
3640 2.9 1.1
3641 2.9 1.2
3642 2.9 1.3
3643 2.9 1.4
3644 2.9 1.5
3645 2.9 1.6
3646 2.9 1.7
3647 2.9 1.8
3648 2.9 1.9
3649 2.9 2.0
3650 2.9 2.1
3651 2.9 2.2
3652 2.9 2.3
3653 2.9 2.4
3654 2.9 2.5
3655 2.9 2.6
3656 2.9 2.7
3657 2.9 2.8
3658 2.9 2.9
3659 2.9 3.0
3660 3.0 -3.0
3661 3.0 -2.9
3662 3.0 -2.8
3663 3.0 -2.7
3664 3.0 -2.6
3665 3.0 -2.5
3666 3.0 -2.4
3667 3.0 -2.3
3668 3.0 -2.2
3669 3.0 -2.1
3670 3.0 -2.0
3671 3.0 -1.9
3672 3.0 -1.8
3673 3.0 -1.7
3674 3.0 -1.6
3675 3.0 -1.5
3676 3.0 -1.4
3677 3.0 -1.3
3678 3.0 -1.2
3679 3.0 -1.1
3680 3.0 -1.0
3681 3.0 -0.9
3682 3.0 -0.8
3683 3.0 -0.7
3684 3.0 -0.6
3685 3.0 -0.5
3686 3.0 -0.4
3687 3.0 -0.3
3688 3.0 -0.2
3689 3.0 -0.1
3690 3.0 0.0
3691 3.0 0.1
3692 3.0 0.2
3693 3.0 0.3
3694 3.0 0.4
3695 3.0 0.5
3696 3.0 0.6
3697 3.0 0.7
3698 3.0 0.8
3699 3.0 0.9
3700 3.0 1.0
3701 3.0 1.1
3702 3.0 1.2
3703 3.0 1.3
3704 3.0 1.4
3705 3.0 1.5
3706 3.0 1.6
3707 3.0 1.7
3708 3.0 1.8
3709 3.0 1.9
3710 3.0 2.0
3711 3.0 2.1
3712 3.0 2.2
3713 3.0 2.3
3714 3.0 2.4
3715 3.0 2.5
3716 3.0 2.6
3717 3.0 2.7
3718 3.0 2.8
3719 3.0 2.9
3720 3.0 3.0
