0  4
0  66
0  35
0  141
0  129
0  151
0  139
0  108
0  59
0  61
1  30
1  116
1  153
1  35
1  103
1  67
1  144
1  53
1  143
1  89
2  47
2  15
2  147
2  126
2  62
2  127
2  48
2  94
2  20
2  135
3  22
3  138
3  73
3  78
3  161
3  130
3  66
3  4
3  16
3  116
4  116
4  144
4  155
4  105
4  93
4  145
4  101
4  133
5  29
5  7
5  11
5  137
5  101
5  30
5  8
5  37
5  36
5  154
6  165
6  40
6  13
6  103
6  139
6  152
6  115
6  85
6  78
6  130
7  39
7  158
7  50
7  163
7  147
7  127
7  110
7  43
7  13
8  162
8  66
8  109
8  81
8  33
8  64
8  79
8  106
8  31
9  164
9  73
9  111
9  150
9  134
9  95
9  125
9  16
9  102
9  59
10  141
10  128
10  54
10  81
10  53
10  36
10  11
10  144
10  29
10  34
11  85
11  66
11  19
11  61
11  34
11  122
11  126
11  149
12  33
12  100
12  108
12  46
12  154
12  26
12  81
12  14
12  17
12  159
13  132
13  158
13  55
13  153
13  50
13  152
13  91
13  48
14  47
14  80
14  87
14  109
14  18
14  96
14  50
14  59
14  19
15  119
15  59
15  129
15  36
15  159
15  140
15  43
15  131
15  19
16  62
16  65
16  38
16  67
16  33
16  165
16  99
16  54
17  32
17  79
17  132
17  73
17  150
17  24
17  26
17  62
17  93
18  81
18  106
18  23
18  56
18  107
18  91
18  78
18  74
18  28
19  168
19  130
19  117
19  138
19  95
19  56
19  100
20  126
20  33
20  144
20  167
20  163
20  114
20  115
20  101
20  140
21  142
21  79
21  72
21  99
21  132
21  166
21  34
21  54
21  95
21  151
22  64
22  95
22  48
22  88
22  91
22  153
22  123
22  151
22  154
23  63
23  134
23  160
23  120
23  67
23  132
23  153
23  50
23  133
24  35
24  67
24  135
24  153
24  94
24  108
24  27
24  40
24  128
25  114
25  81
25  82
25  167
25  103
25  125
25  157
25  56
25  105
25  115
26  129
26  109
26  44
26  157
26  111
26  38
26  168
26  59
27  118
27  102
27  155
27  44
27  72
27  168
27  35
27  60
27  58
28  91
28  88
28  37
28  151
28  161
28  115
28  52
28  78
28  144
29  108
29  53
29  131
29  150
29  58
29  155
29  96
29  37
30  141
30  146
30  58
30  165
30  117
30  63
30  86
30  60
31  130
31  37
31  65
31  106
31  44
31  78
31  145
31  124
31  79
32  104
32  127
32  114
32  77
32  94
32  105
32  57
32  166
32  51
33  118
33  79
33  163
33  63
33  114
33  153
34  84
34  147
34  114
34  107
34  141
34  101
34  157
35  168
35  131
35  133
35  105
35  160
35  113
36  93
36  119
36  105
36  38
36  101
36  138
36  71
37  138
37  49
37  57
37  145
37  163
37  93
38  124
38  99
38  138
38  120
38  66
38  153
38  115
39  90
39  64
39  109
39  127
39  110
39  85
39  49
39  48
39  163
40  49
40  105
40  123
40  141
40  111
40  107
40  85
40  163
41  108
41  46
41  146
41  102
41  167
41  130
41  76
41  103
41  150
41  127
42  109
42  107
42  69
42  99
42  59
42  114
42  46
42  153
42  53
42  120
43  64
43  89
43  91
43  45
43  88
43  92
43  113
43  130
44  102
44  100
44  56
44  90
44  64
44  135
44  116
45  137
45  78
45  68
45  122
45  108
45  92
45  130
45  114
45  70
46  105
46  104
46  60
46  155
46  119
46  129
46  103
47  64
47  168
47  105
47  101
47  124
47  76
47  52
47  146
48  82
48  141
48  56
48  69
48  88
48  116
49  83
49  111
49  57
49  119
49  97
49  144
49  155
50  106
50  60
50  113
50  126
50  61
50  104
51  96
51  151
51  158
51  52
51  146
51  64
51  61
51  159
51  120
52  78
52  65
52  148
52  90
52  81
52  123
52  137
53  95
53  85
53  68
53  123
53  142
53  156
54  118
54  166
54  66
54  80
54  134
54  104
54  60
55  124
55  126
55  122
55  77
55  125
55  58
55  166
55  115
55  59
56  81
56  151
56  113
56  164
56  168
57  165
57  123
57  160
57  150
57  83
57  69
57  122
58  91
58  80
58  159
58  103
58  78
58  99
59  152
59  137
59  84
60  82
60  90
60  137
60  149
60  100
61  110
61  150
61  118
61  83
61  79
61  132
62  67
62  124
62  160
62  143
62  144
62  147
62  134
63  114
63  147
63  145
63  99
63  143
63  89
63  167
64  165
64  81
64  133
65  73
65  78
65  104
65  71
65  91
65  87
65  99
66  102
66  139
66  162
66  96
67  128
67  83
67  149
67  118
67  101
68  82
68  101
68  135
68  155
68  146
68  98
68  143
68  102
69  75
69  161
69  135
69  131
69  136
69  166
69  158
70  71
70  128
70  101
70  92
70  103
70  147
70  91
70  157
70  160
71  125
71  164
71  166
71  82
71  143
71  159
71  153
72  155
72  139
72  146
72  98
72  163
72  106
72  97
72  90
73  152
73  110
73  83
73  150
73  97
73  146
74  124
74  87
74  133
74  116
74  143
74  161
74  140
74  78
74  100
75  163
75  117
75  144
75  162
75  165
75  157
75  85
75  106
75  156
76  155
76  98
76  143
76  148
76  114
76  125
76  89
76  154
77  165
77  90
77  98
77  91
77  117
77  144
77  81
77  93
79  118
79  168
79  125
79  135
80  85
80  105
80  146
80  157
80  98
80  107
80  108
81  152
82  100
82  128
82  125
82  95
82  158
83  137
83  142
83  98
83  108
83  126
84  130
84  110
84  95
84  158
84  118
84  147
84  138
84  125
85  133
85  91
85  118
86  133
86  143
86  150
86  90
86  120
86  104
86  152
86  132
86  167
87  114
87  168
87  96
87  140
87  159
87  129
87  123
88  143
88  130
88  151
88  121
88  110
88  103
89  118
89  151
89  162
89  113
89  108
89  119
90  127
90  139
90  146
92  149
92  144
92  163
92  142
92  137
92  165
92  111
93  152
93  140
93  113
93  141
93  151
94  155
94  151
94  162
94  118
94  121
94  111
94  145
95  145
95  134
95  120
96  116
96  166
96  130
96  147
96  102
97  98
97  119
97  116
97  104
97  162
97  136
97  101
98  120
98  103
98  131
99  107
99  142
99  141
100  103
100  157
100  107
100  140
102  155
102  157
102  153
104  105
104  117
104  141
106  134
106  162
106  142
106  107
107  139
107  127
108  126
109  158
109  165
109  124
109  135
109  121
110  111
110  161
110  121
110  124
111  123
111  156
111  137
112  119
112  129
112  132
112  162
112  161
112  143
112  126
112  163
112  148
112  124
113  154
113  131
113  152
113  156
115  165
115  141
115  132
115  158
116  122
116  125
117  119
117  120
117  147
117  159
117  129
119  120
119  160
120  145
121  147
121  124
121  154
121  148
121  140
121  123
122  133
122  154
122  166
122  150
122  142
123  162
123  126
125  139
126  139
127  161
127  145
127  157
128  148
128  161
128  160
128  146
128  168
129  140
129  137
129  162
131  167
131  135
131  164
131  160
132  136
132  156
133  159
133  140
134  167
134  145
134  161
134  137
135  161
135  139
136  156
136  167
136  164
136  142
136  158
136  139
136  157
138  148
138  156
138  154
138  158
140  145
142  164
142  150
148  156
148  164
148  168
148  152
149  159
149  164
149  152
149  156
149  167
149  154
154  167
156  166
159  164
160  166
160  164
