263 268
263 431
263 157
263 361
263 220
263 72
263 171
263 90
74 256
74 124
74 72
74 57
74 412
74 53
74 47
74 363
124 49
124 256
124 197
124 76
124 309
124 76
124 301
398 71
398 431
398 144
398 144
398 128
398 387
398 49
398 76
72 431
72 232
72 31
72 53
72 311
72 91
91 345
91 31
91 36
91 195
91 136
91 58
91 333
412 256
412 58
412 417
412 200
412 242
412 387
412 36
53 363
53 227
53 431
53 200
53 384
53 338
147 217
147 257
147 220
147 200
147 23
147 244
147 75
147 144
366 76
366 136
366 184
366 90
366 49
366 347
366 305
366 417
347 217
347 197
347 58
347 227
347 394
347 305
347 25
57 363
57 257
57 76
57 331
57 227
57 209
57 362
257 25
257 49
257 31
257 346
257 220
257 355
271 128
271 331
271 355
271 47
271 197
271 289
271 311
271 346
256 400
256 382
256 345
256 209
256 362
244 161
244 124
244 345
244 195
244 195
244 31
244 197
80 31
80 124
80 362
80 124
80 195
80 49
80 220
80 58
58 90
58 128
58 195
58 157
420 363
420 220
420 362
420 217
420 36
420 361
420 197
420 338
128 363
128 363
128 117
128 136
128 161
381 197
381 382
381 47
381 36
381 417
381 197
381 387
381 384
345 71
345 47
345 306
345 36
345 331
345 220
161 331
161 232
161 171
161 361
161 124
161 363
75 157
75 427
75 345
75 345
75 301
75 363
75 333
209 338
209 305
209 268
209 305
209 417
209 49
22 400
22 382
22 232
22 195
22 306
22 309
22 345
22 309
220 36
220 268
220 400
220 36
220 345
220 345
71 171
71 31
71 220
71 217
71 305
71 184
384 31
384 25
384 31
384 394
384 117
384 184
23 90
23 197
23 49
23 124
23 197
23 217
23 394
301 289
301 387
301 289
301 346
301 217
301 394
345 363
345 427
90 124
90 394
90 400
90 49
232 157
232 144
232 311
232 252
232 144
306 227
306 427
306 331
306 427
306 49
306 136
25 394
25 227
25 311
25 289
25 47
309 387
309 289
309 394
309 49
309 338
333 417
333 400
333 346
333 36
333 355
333 47
227 289
227 355
227 76
394 117
362 49
362 427
362 220
362 49
417 184
417 289
417 252
76 49
76 197
338 144
338 311
338 195
338 427
363 346
363 36
363 171
363 200
363 195
217 427
217 195
427 157
195 268
47 242
47 197
268 252
268 124
268 305
268 195
311 355
311 289
311 171
387 136
387 197
387 136
157 431
157 355
157 305
117 184
117 431
117 197
117 200
117 252
184 382
184 252
184 305
400 195
400 363
400 220
220 124
171 200
171 136
171 36
361 136
361 36
361 200
361 49
361 355
242 331
242 252
242 382
242 363
242 36
242 346
144 355
144 346
200 331
36 195
36 346
36 331
36 252
197 49
197 252
197 195
195 382
195 382
382 431
431 49
